{"0":{"unique_id":"d3e44c72-a074-480b-8019-88964922f177","ros_timestamp":"1681734498.412441297","T_map_cam":"[[-0.99992277,-0.00730886,-0.01005129,0.43696759],[0.00909185,0.12117585,-0.99258942,0.50473331],[0.00847267,-0.99260415,-0.12110004,-0.45216199],[0.00000000,0.00000000,0.00000000,1.00000000]]","center_3d":"[2.22213050,-1.12677018,0.11049691]","nearest_3d":"[1.64270246,-0.11211662,0.49830568]","type":"wall-front"},"1":{"unique_id":"6bf6ba00-ad0a-41f3-bf50-55902e6edfcc","ros_timestamp":"1681734498.412441297","T_map_cam":"[[-0.99992277,-0.00730886,-0.01005129,0.43696759],[0.00909185,0.12117585,-0.99258942,0.50473331],[0.00847267,-0.99260415,-0.12110004,-0.45216199],[0.00000000,0.00000000,0.00000000,1.00000000]]","center_3d":"[0.66319675,-3.32045604,-0.01717276]","nearest_3d":"[-0.54491633,-1.09874153,0.57027715]","type":"wall-back"},"2":{"unique_id":"8893a9f0-be0d-4568-8520-39aef108a879","ros_timestamp":"1681734498.412441297","T_map_cam":"[[-0.99992277,-0.00730886,-0.01005129,0.43696759],[0.00909185,0.12117585,-0.99258942,0.50473331],[0.00847267,-0.99260415,-0.12110004,-0.45216199],[0.00000000,0.00000000,0.00000000,1.00000000]]","center_3d":"[3.05107828,-2.47924247,0.42885094]","nearest_3d":"[1.42260027,-0.85849082,-0.42550540]","type":"obstacle"}}