{"0":{"unique_id":"d3e44c72-a074-480b-8019-88964922f177","ros_timestamp":"1681734498.766775819","T_map_cam":"[[-0.99969853,0.02380778,-0.00600262,0.46410266],[0.00844554,0.10387611,-0.99455439,0.50885186],[-0.02305460,-0.99430526,-0.10404587,-0.41524663],[0.00000000,0.00000000,0.00000000,1.00000000]]","center_3d":"[2.22213050,-1.12677018,0.11049691]","nearest_3d":"[1.63884282,-0.11357442,0.57534844]","type":"wall-front"},"1":{"unique_id":"6bf6ba00-ad0a-41f3-bf50-55902e6edfcc","ros_timestamp":"1681734498.766775819","T_map_cam":"[[-0.99969853,0.02380778,-0.00600262,0.46410266],[0.00844554,0.10387611,-0.99455439,0.50885186],[-0.02305460,-0.99430526,-0.10404587,-0.41524663],[0.00000000,0.00000000,0.00000000,1.00000000]]","center_3d":"[0.66319675,-3.32045604,-0.01717276]","nearest_3d":"[-0.57783961,-1.11091721,0.57381392]","type":"wall-back"},"2":{"unique_id":"8893a9f0-be0d-4568-8520-39aef108a879","ros_timestamp":"1681734498.766775819","T_map_cam":"[[-0.99969853,0.02380778,-0.00600262,0.46410266],[0.00844554,0.10387611,-0.99455439,0.50885186],[-0.02305460,-0.99430526,-0.10404587,-0.41524663],[0.00000000,0.00000000,0.00000000,1.00000000]]","center_3d":"[2.95638180,-2.44647765,0.43977508]","nearest_3d":"[1.36369801,-0.67823380,-0.47138304]","type":"obstacle"}}