{"0":{"unique_id":"d3e44c72-a074-480b-8019-88964922f177","ros_timestamp":"1681734499.39603262","T_map_cam":"[[-0.99676362,0.07585268,0.02662054,0.52792247],[-0.02170878,0.06485837,-0.99765832,0.52909648],[-0.07740162,-0.99500742,-0.06300179,-0.32986742],[0.00000000,0.00000000,0.00000000,1.00000000]]","center_3d":"[2.22213050,-1.12677018,0.11049691]","nearest_3d":"[1.63884282,-0.11357442,0.57534844]","type":"wall-front"},"1":{"unique_id":"6bf6ba00-ad0a-41f3-bf50-55902e6edfcc","ros_timestamp":"1681734499.39603262","T_map_cam":"[[-0.99676362,0.07585268,0.02662054,0.52792247],[-0.02170878,0.06485837,-0.99765832,0.52909648],[-0.07740162,-0.99500742,-0.06300179,-0.32986742],[0.00000000,0.00000000,0.00000000,1.00000000]]","center_3d":"[0.66319675,-3.32045604,-0.01717276]","nearest_3d":"[-0.57783961,-1.11091721,0.57381392]","type":"wall-back"},"2":{"unique_id":"8893a9f0-be0d-4568-8520-39aef108a879","ros_timestamp":"1681734499.39603262","T_map_cam":"[[-0.99676362,0.07585268,0.02662054,0.52792247],[-0.02170878,0.06485837,-0.99765832,0.52909648],[-0.07740162,-0.99500742,-0.06300179,-0.32986742],[0.00000000,0.00000000,0.00000000,1.00000000]]","center_3d":"[2.98569439,-2.49409646,0.42157522]","nearest_3d":"[1.38537145,-0.65567207,-0.43307853]","type":"obstacle"}}