{"0":{"unique_id":"d3e44c72-a074-480b-8019-88964922f177","ros_timestamp":"1681734499.826204836","T_map_cam":"[[-0.97669558,0.21425069,0.01274331,0.69872519],[-0.01190481,0.00520354,-0.99991560,0.54122012],[-0.21429892,-0.97676485,-0.00253166,-0.19106868],[0.00000000,0.00000000,0.00000000,1.00000000]]","center_3d":"[2.22213050,-1.12677018,0.11049691]","nearest_3d":"[1.63884282,-0.11357442,0.57534844]","type":"wall-front"},"1":{"unique_id":"6bf6ba00-ad0a-41f3-bf50-55902e6edfcc","ros_timestamp":"1681734499.826204836","T_map_cam":"[[-0.97669558,0.21425069,0.01274331,0.69872519],[-0.01190481,0.00520354,-0.99991560,0.54122012],[-0.21429892,-0.97676485,-0.00253166,-0.19106868],[0.00000000,0.00000000,0.00000000,1.00000000]]","center_3d":"[0.66319675,-3.32045604,-0.01717276]","nearest_3d":"[-0.57738870,-1.09640455,0.66086531]","type":"wall-back"},"2":{"unique_id":"8893a9f0-be0d-4568-8520-39aef108a879","ros_timestamp":"1681734499.826204836","T_map_cam":"[[-0.97669558,0.21425069,0.01274331,0.69872519],[-0.01190481,0.00520354,-0.99991560,0.54122012],[-0.21429892,-0.97676485,-0.00253166,-0.19106868],[0.00000000,0.00000000,0.00000000,1.00000000]]","center_3d":"[3.22660416,-2.95974884,0.50598127]","nearest_3d":"[1.38537145,-0.65567207,-0.43307853]","type":"obstacle"}}