{"0":{"unique_id":"d3e44c72-a074-480b-8019-88964922f177","ros_timestamp":"1681734501.803850175","T_map_cam":"[[-0.96379038,0.26662741,-0.00423344,0.79666538],[-0.04828340,-0.19010157,-0.98057642,0.68915349],[-0.26225333,-0.94486571,0.19609174,0.03502456],[0.00000000,0.00000000,0.00000000,1.00000000]]","center_3d":"[2.22213050,-1.12677018,0.11049691]","nearest_3d":"[1.49261320,0.24919681,0.62015045]","type":"wall-front"},"1":{"unique_id":"6bf6ba00-ad0a-41f3-bf50-55902e6edfcc","ros_timestamp":"1681734501.803850175","T_map_cam":"[[-0.96379038,0.26662741,-0.00423344,0.79666538],[-0.04828340,-0.19010157,-0.98057642,0.68915349],[-0.26225333,-0.94486571,0.19609174,0.03502456],[0.00000000,0.00000000,0.00000000,1.00000000]]","center_3d":"[0.66319675,-3.32045604,-0.01717276]","nearest_3d":"[-0.57738870,-1.09640455,0.66086531]","type":"wall-back"},"2":{"unique_id":"8893a9f0-be0d-4568-8520-39aef108a879","ros_timestamp":"1681734501.803850175","T_map_cam":"[[-0.96379038,0.26662741,-0.00423344,0.79666538],[-0.04828340,-0.19010157,-0.98057642,0.68915349],[-0.26225333,-0.94486571,0.19609174,0.03502456],[0.00000000,0.00000000,0.00000000,1.00000000]]","center_3d":"[3.43793465,-3.33009968,0.33635617]","nearest_3d":"[1.65346789,-0.54300821,-0.20177095]","type":"obstacle"}}