{"0":{"unique_id":"d3e44c72-a074-480b-8019-88964922f177","ros_timestamp":"1681734502.106753673","T_map_cam":"[[-0.96354096,0.26742135,-0.00863977,0.79969480],[-0.04788786,-0.20413338,-0.97777110,0.70161611],[-0.26324053,-0.94170876,0.20949711,0.06531472],[0.00000000,0.00000000,0.00000000,1.00000000]]","center_3d":"[2.22213050,-1.12677018,0.11049691]","nearest_3d":"[1.49261320,0.24919681,0.62015045]","type":"wall-front"},"1":{"unique_id":"6bf6ba00-ad0a-41f3-bf50-55902e6edfcc","ros_timestamp":"1681734502.106753673","T_map_cam":"[[-0.96354096,0.26742135,-0.00863977,0.79969480],[-0.04788786,-0.20413338,-0.97777110,0.70161611],[-0.26324053,-0.94170876,0.20949711,0.06531472],[0.00000000,0.00000000,0.00000000,1.00000000]]","center_3d":"[0.66319675,-3.32045604,-0.01717276]","nearest_3d":"[-0.57738870,-1.09640455,0.66086531]","type":"wall-back"},"2":{"unique_id":"8893a9f0-be0d-4568-8520-39aef108a879","ros_timestamp":"1681734502.106753673","T_map_cam":"[[-0.96354096,0.26742135,-0.00863977,0.79969480],[-0.04788786,-0.20413338,-0.97777110,0.70161611],[-0.26324053,-0.94170876,0.20949711,0.06531472],[0.00000000,0.00000000,0.00000000,1.00000000]]","center_3d":"[3.44151499,-3.33491671,0.33007137]","nearest_3d":"[1.65346789,-0.54300821,-0.20177095]","type":"obstacle"}}