{"0":{"unique_id":"d3e44c72-a074-480b-8019-88964922f177","ros_timestamp":"1681734503.248938113","T_map_cam":"[[-0.97648443,0.21482389,-0.01813425,0.77740711],[-0.05053396,-0.30984936,-0.94944178,0.78007755],[-0.20958166,-0.92619872,0.31341897,0.03731232],[0.00000000,0.00000000,0.00000000,1.00000000]]","center_3d":"[2.22213050,-1.12677018,0.11049691]","nearest_3d":"[1.44770074,0.37131372,0.79073060]","type":"wall-front"},"1":{"unique_id":"6bf6ba00-ad0a-41f3-bf50-55902e6edfcc","ros_timestamp":"1681734503.248938113","T_map_cam":"[[-0.97648443,0.21482389,-0.01813425,0.77740711],[-0.05053396,-0.30984936,-0.94944178,0.78007755],[-0.20958166,-0.92619872,0.31341897,0.03731232],[0.00000000,0.00000000,0.00000000,1.00000000]]","center_3d":"[0.66319675,-3.32045604,-0.01717276]","nearest_3d":"[-0.56697434,-1.11007965,0.74690181]","type":"wall-back"},"2":{"unique_id":"8893a9f0-be0d-4568-8520-39aef108a879","ros_timestamp":"1681734503.248938113","T_map_cam":"[[-0.97648443,0.21482389,-0.01813425,0.77740711],[-0.05053396,-0.30984936,-0.94944178,0.78007755],[-0.20958166,-0.92619872,0.31341897,0.03731232],[0.00000000,0.00000000,0.00000000,1.00000000]]","center_3d":"[3.44151499,-3.33491671,0.33007137]","nearest_3d":"[1.65346789,-0.54300821,-0.20177095]","type":"obstacle"}}