{"0":{"unique_id":"d3e44c72-a074-480b-8019-88964922f177","ros_timestamp":"1681734503.834173065","T_map_cam":"[[-0.99499024,0.08394616,-0.05429064,0.76850929],[0.02256253,-0.34048659,-0.93997862,0.73119053],[-0.09739283,-0.93649449,0.33688680,-0.10874546],[0.00000000,0.00000000,0.00000000,1.00000000]]","center_3d":"[2.22213050,-1.12677018,0.11049691]","nearest_3d":"[1.44770074,0.37131372,0.79073060]","type":"wall-front"},"1":{"unique_id":"6bf6ba00-ad0a-41f3-bf50-55902e6edfcc","ros_timestamp":"1681734503.834173065","T_map_cam":"[[-0.99499024,0.08394616,-0.05429064,0.76850929],[0.02256253,-0.34048659,-0.93997862,0.73119053],[-0.09739283,-0.93649449,0.33688680,-0.10874546],[0.00000000,0.00000000,0.00000000,1.00000000]]","center_3d":"[0.66319675,-3.32045604,-0.01717276]","nearest_3d":"[-0.56697434,-1.11007965,0.74690181]","type":"wall-back"},"2":{"unique_id":"8893a9f0-be0d-4568-8520-39aef108a879","ros_timestamp":"1681734503.834173065","T_map_cam":"[[-0.99499024,0.08394616,-0.05429064,0.76850929],[0.02256253,-0.34048659,-0.93997862,0.73119053],[-0.09739283,-0.93649449,0.33688680,-0.10874546],[0.00000000,0.00000000,0.00000000,1.00000000]]","center_3d":"[3.44151499,-3.33491671,0.33007137]","nearest_3d":"[1.65346789,-0.54300821,-0.20177095]","type":"obstacle"}}