{"0":{"unique_id":"d3e44c72-a074-480b-8019-88964922f177","ros_timestamp":"1681734504.147118002","T_map_cam":"[[-0.99880713,-0.00264500,-0.04875786,0.68511335],[0.04622076,-0.37322706,-0.92658794,0.68397236],[-0.01574693,-0.92773626,0.37290410,-0.21862621],[0.00000000,0.00000000,0.00000000,1.00000000]]","center_3d":"[2.22213050,-1.12677018,0.11049691]","nearest_3d":"[1.44770074,0.37131372,0.79073060]","type":"wall-front"},"1":{"unique_id":"6bf6ba00-ad0a-41f3-bf50-55902e6edfcc","ros_timestamp":"1681734504.147118002","T_map_cam":"[[-0.99880713,-0.00264500,-0.04875786,0.68511335],[0.04622076,-0.37322706,-0.92658794,0.68397236],[-0.01574693,-0.92773626,0.37290410,-0.21862621],[0.00000000,0.00000000,0.00000000,1.00000000]]","center_3d":"[0.66319675,-3.32045604,-0.01717276]","nearest_3d":"[-0.56697434,-1.11007965,0.74690181]","type":"wall-back"},"2":{"unique_id":"8893a9f0-be0d-4568-8520-39aef108a879","ros_timestamp":"1681734504.147118002","T_map_cam":"[[-0.99880713,-0.00264500,-0.04875786,0.68511335],[0.04622076,-0.37322706,-0.92658794,0.68397236],[-0.01574693,-0.92773626,0.37290410,-0.21862621],[0.00000000,0.00000000,0.00000000,1.00000000]]","center_3d":"[3.44151499,-3.33491671,0.33007137]","nearest_3d":"[1.65346789,-0.54300821,-0.20177095]","type":"obstacle"}}