{"0":{"unique_id":"d3e44c72-a074-480b-8019-88964922f177","ros_timestamp":"1681734505.85600116","T_map_cam":"[[-0.97281980,-0.21372317,-0.08912936,0.47545230],[0.17789164,-0.44335311,-0.87851727,0.65488815],[0.14824372,-0.87049436,0.46932225,-0.31442806],[0.00000000,0.00000000,0.00000000,1.00000000]]","center_3d":"[2.22213050,-1.12677018,0.11049691]","nearest_3d":"[1.30547130,0.65181428,0.74286819]","type":"wall-front"},"1":{"unique_id":"6bf6ba00-ad0a-41f3-bf50-55902e6edfcc","ros_timestamp":"1681734505.85600116","T_map_cam":"[[-0.97281980,-0.21372317,-0.08912936,0.47545230],[0.17789164,-0.44335311,-0.87851727,0.65488815],[0.14824372,-0.87049436,0.46932225,-0.31442806],[0.00000000,0.00000000,0.00000000,1.00000000]]","center_3d":"[0.66319675,-3.32045604,-0.01717276]","nearest_3d":"[-0.57914150,-1.05392015,0.72831273]","type":"wall-back"},"2":{"unique_id":"8893a9f0-be0d-4568-8520-39aef108a879","ros_timestamp":"1681734505.85600116","T_map_cam":"[[-0.97281980,-0.21372317,-0.08912936,0.47545230],[0.17789164,-0.44335311,-0.87851727,0.65488815],[0.14824372,-0.87049436,0.46932225,-0.31442806],[0.00000000,0.00000000,0.00000000,1.00000000]]","center_3d":"[3.25423203,-2.98432630,0.35434310]","nearest_3d":"[1.65540802,-0.54886544,-0.18217784]","type":"obstacle"}}