{"0":{"unique_id":"d3e44c72-a074-480b-8019-88964922f177","ros_timestamp":"1681734507.618040547","T_map_cam":"[[-0.65118654,-0.74844940,-0.12561681,0.25971349],[0.37219433,-0.17070627,-0.91232163,0.58884200],[0.66138300,-0.64084543,0.38973025,-0.33177904],[0.00000000,0.00000000,0.00000000,1.00000000]]","center_3d":"[2.22213050,-1.12677018,0.11049691]","nearest_3d":"[1.30547130,0.65181428,0.74286819]","type":"wall-front"},"1":{"unique_id":"6bf6ba00-ad0a-41f3-bf50-55902e6edfcc","ros_timestamp":"1681734507.618040547","T_map_cam":"[[-0.65118654,-0.74844940,-0.12561681,0.25971349],[0.37219433,-0.17070627,-0.91232163,0.58884200],[0.66138300,-0.64084543,0.38973025,-0.33177904],[0.00000000,0.00000000,0.00000000,1.00000000]]","center_3d":"[0.66319675,-3.32045604,-0.01717276]","nearest_3d":"[-0.57914150,-1.05392015,0.72831273]","type":"wall-back"},"2":{"unique_id":"8893a9f0-be0d-4568-8520-39aef108a879","ros_timestamp":"1681734507.618040547","T_map_cam":"[[-0.65118654,-0.74844940,-0.12561681,0.25971349],[0.37219433,-0.17070627,-0.91232163,0.58884200],[0.66138300,-0.64084543,0.38973025,-0.33177904],[0.00000000,0.00000000,0.00000000,1.00000000]]","center_3d":"[3.24992125,-2.97877473,0.35720450]","nearest_3d":"[1.36126983,-0.66947174,-0.45751181]","type":"obstacle"}}