{"0":{"unique_id":"d3e44c72-a074-480b-8019-88964922f177","ros_timestamp":"1681734508.148259659","T_map_cam":"[[-0.57038336,-0.81055265,-0.13291812,0.29766327],[0.35247339,-0.09537312,-0.93094923,0.60682627],[0.74190655,-0.57784805,0.34009749,-0.21487015],[0.00000000,0.00000000,0.00000000,1.00000000]]","center_3d":"[2.22213050,-1.12677018,0.11049691]","nearest_3d":"[1.30547130,0.65181428,0.74286819]","type":"wall-front"},"1":{"unique_id":"6bf6ba00-ad0a-41f3-bf50-55902e6edfcc","ros_timestamp":"1681734508.148259659","T_map_cam":"[[-0.57038336,-0.81055265,-0.13291812,0.29766327],[0.35247339,-0.09537312,-0.93094923,0.60682627],[0.74190655,-0.57784805,0.34009749,-0.21487015],[0.00000000,0.00000000,0.00000000,1.00000000]]","center_3d":"[0.66319675,-3.32045604,-0.01717276]","nearest_3d":"[-0.57914150,-1.05392015,0.72831273]","type":"wall-back"},"2":{"unique_id":"8893a9f0-be0d-4568-8520-39aef108a879","ros_timestamp":"1681734508.148259659","T_map_cam":"[[-0.57038336,-0.81055265,-0.13291812,0.29766327],[0.35247339,-0.09537312,-0.93094923,0.60682627],[0.74190655,-0.57784805,0.34009749,-0.21487015],[0.00000000,0.00000000,0.00000000,1.00000000]]","center_3d":"[3.24992125,-2.97877473,0.35720450]","nearest_3d":"[1.36126983,-0.66947174,-0.45751181]","type":"obstacle"}}