{"0":{"unique_id":"d3e44c72-a074-480b-8019-88964922f177","ros_timestamp":"1681734508.420681673","T_map_cam":"[[-0.57284112,-0.81065939,-0.12117923,0.29181702],[0.35560747,-0.11259104,-0.92782896,0.61486589],[0.73850956,-0.57459083,0.35277331,-0.24292672],[0.00000000,0.00000000,0.00000000,1.00000000]]","center_3d":"[2.22213050,-1.12677018,0.11049691]","nearest_3d":"[1.30547130,0.65181428,0.74286819]","type":"wall-front"},"1":{"unique_id":"6bf6ba00-ad0a-41f3-bf50-55902e6edfcc","ros_timestamp":"1681734508.420681673","T_map_cam":"[[-0.57284112,-0.81065939,-0.12117923,0.29181702],[0.35560747,-0.11259104,-0.92782896,0.61486589],[0.73850956,-0.57459083,0.35277331,-0.24292672],[0.00000000,0.00000000,0.00000000,1.00000000]]","center_3d":"[0.66319675,-3.32045604,-0.01717276]","nearest_3d":"[-0.57914150,-1.05392015,0.72831273]","type":"wall-back"},"2":{"unique_id":"8893a9f0-be0d-4568-8520-39aef108a879","ros_timestamp":"1681734508.420681673","T_map_cam":"[[-0.57284112,-0.81065939,-0.12117923,0.29181702],[0.35560747,-0.11259104,-0.92782896,0.61486589],[0.73850956,-0.57459083,0.35277331,-0.24292672],[0.00000000,0.00000000,0.00000000,1.00000000]]","center_3d":"[3.24992125,-2.97877473,0.35720450]","nearest_3d":"[1.36126983,-0.66947174,-0.45751181]","type":"obstacle"}}