{"0":{"unique_id":"d3e44c72-a074-480b-8019-88964922f177","ros_timestamp":"1681734508.683736218","T_map_cam":"[[-0.57338685,-0.80590495,-0.14746096,0.31522887],[0.32526766,-0.05873035,-0.94379643,0.60840850],[0.75194977,-0.58912474,0.29581003,-0.15193579],[0.00000000,0.00000000,0.00000000,1.00000000]]","center_3d":"[2.22213050,-1.12677018,0.11049691]","nearest_3d":"[1.25853014,0.75398785,0.64060760]","type":"wall-front"},"1":{"unique_id":"6bf6ba00-ad0a-41f3-bf50-55902e6edfcc","ros_timestamp":"1681734508.683736218","T_map_cam":"[[-0.57338685,-0.80590495,-0.14746096,0.31522887],[0.32526766,-0.05873035,-0.94379643,0.60840850],[0.75194977,-0.58912474,0.29581003,-0.15193579],[0.00000000,0.00000000,0.00000000,1.00000000]]","center_3d":"[0.66319675,-3.32045604,-0.01717276]","nearest_3d":"[-0.57914150,-1.05392015,0.72831273]","type":"wall-back"},"2":{"unique_id":"8893a9f0-be0d-4568-8520-39aef108a879","ros_timestamp":"1681734508.683736218","T_map_cam":"[[-0.57338685,-0.80590495,-0.14746096,0.31522887],[0.32526766,-0.05873035,-0.94379643,0.60840850],[0.75194977,-0.58912474,0.29581003,-0.15193579],[0.00000000,0.00000000,0.00000000,1.00000000]]","center_3d":"[3.24992125,-2.97877473,0.35720450]","nearest_3d":"[1.36126983,-0.66947174,-0.45751181]","type":"obstacle"}}