{"0":{"unique_id":"d3e44c72-a074-480b-8019-88964922f177","ros_timestamp":"1681734518.842556828","T_map_cam":"[[0.23338265,-0.94491628,-0.22949024,0.95392014],[-0.20789290,0.18206369,-0.96105846,0.04975276],[0.94990162,0.27200376,-0.15395088,0.56728117],[0.00000000,0.00000000,0.00000000,1.00000000]]","center_3d":"[2.22213050,-1.12677018,0.11049691]","nearest_3d":"[1.03325379,1.12149370,0.06310190]","type":"wall-front"},"1":{"unique_id":"6bf6ba00-ad0a-41f3-bf50-55902e6edfcc","ros_timestamp":"1681734518.842556828","T_map_cam":"[[0.23338265,-0.94491628,-0.22949024,0.95392014],[-0.20789290,0.18206369,-0.96105846,0.04975276],[0.94990162,0.27200376,-0.15395088,0.56728117],[0.00000000,0.00000000,0.00000000,1.00000000]]","center_3d":"[0.66319675,-3.32045604,-0.01717276]","nearest_3d":"[-0.57470161,-1.08399093,0.62350035]","type":"wall-back"},"2":{"unique_id":"8893a9f0-be0d-4568-8520-39aef108a879","ros_timestamp":"1681734518.842556828","T_map_cam":"[[0.23338265,-0.94491628,-0.22949024,0.95392014],[-0.20789290,0.18206369,-0.96105846,0.04975276],[0.94990162,0.27200376,-0.15395088,0.56728117],[0.00000000,0.00000000,0.00000000,1.00000000]]","center_3d":"[2.60187684,-2.57512345,1.25677219]","nearest_3d":"[1.09880173,1.07820523,0.78700238]","type":"obstacle"}}