{"0":{"unique_id":"d3e44c72-a074-480b-8019-88964922f177","ros_timestamp":"1681734519.716594033","T_map_cam":"[[0.11249886,-0.97862720,-0.17214186,0.89080695],[-0.20832065,0.14616260,-0.96707756,0.07261510],[0.97156910,0.14465582,-0.18742513,0.61849721],[0.00000000,0.00000000,0.00000000,1.00000000]]","center_3d":"[2.22213050,-1.12677018,0.11049691]","nearest_3d":"[1.03325379,1.12149370,0.06310190]","type":"wall-front"},"1":{"unique_id":"6bf6ba00-ad0a-41f3-bf50-55902e6edfcc","ros_timestamp":"1681734519.716594033","T_map_cam":"[[0.11249886,-0.97862720,-0.17214186,0.89080695],[-0.20832065,0.14616260,-0.96707756,0.07261510],[0.97156910,0.14465582,-0.18742513,0.61849721],[0.00000000,0.00000000,0.00000000,1.00000000]]","center_3d":"[0.66319675,-3.32045604,-0.01717276]","nearest_3d":"[-0.57470161,-1.08399093,0.62350035]","type":"wall-back"},"2":{"unique_id":"8893a9f0-be0d-4568-8520-39aef108a879","ros_timestamp":"1681734519.716594033","T_map_cam":"[[0.11249886,-0.97862720,-0.17214186,0.89080695],[-0.20832065,0.14616260,-0.96707756,0.07261510],[0.97156910,0.14465582,-0.18742513,0.61849721],[0.00000000,0.00000000,0.00000000,1.00000000]]","center_3d":"[2.55833592,-2.53014159,1.18867229]","nearest_3d":"[1.05461776,1.13258410,0.43443504]","type":"obstacle"}}