{"0":{"unique_id":"d3e44c72-a074-480b-8019-88964922f177","ros_timestamp":"1681734520.98351128","T_map_cam":"[[0.02307027,-0.98596295,-0.16536269,0.78827703],[-0.17991370,0.15861165,-0.97081069,0.09621250],[0.98341183,0.05214788,-0.17372903,0.61273617],[0.00000000,0.00000000,0.00000000,1.00000000]]","center_3d":"[2.22213050,-1.12677018,0.11049691]","nearest_3d":"[1.03325379,1.12149370,0.06310190]","type":"wall-front"},"1":{"unique_id":"6bf6ba00-ad0a-41f3-bf50-55902e6edfcc","ros_timestamp":"1681734520.98351128","T_map_cam":"[[0.02307027,-0.98596295,-0.16536269,0.78827703],[-0.17991370,0.15861165,-0.97081069,0.09621250],[0.98341183,0.05214788,-0.17372903,0.61273617],[0.00000000,0.00000000,0.00000000,1.00000000]]","center_3d":"[0.66319675,-3.32045604,-0.01717276]","nearest_3d":"[-0.57470161,-1.08399093,0.62350035]","type":"wall-back"},"2":{"unique_id":"8893a9f0-be0d-4568-8520-39aef108a879","ros_timestamp":"1681734520.98351128","T_map_cam":"[[0.02307027,-0.98596295,-0.16536269,0.78827703],[-0.17991370,0.15861165,-0.97081069,0.09621250],[0.98341183,0.05214788,-0.17372903,0.61273617],[0.00000000,0.00000000,0.00000000,1.00000000]]","center_3d":"[2.53300980,-2.49752223,1.15523553]","nearest_3d":"[1.05461776,1.13258410,0.43443504]","type":"obstacle"}}