{"0":{"unique_id":"d3e44c72-a074-480b-8019-88964922f177","ros_timestamp":"1681734520.462168987","T_map_cam":"[[-0.08633865,-0.98214471,-0.16714487,0.72239781],[-0.14483112,0.17836256,-0.97324752,0.10758402],[0.98568229,-0.05982110,-0.15764470,0.59886036],[0.00000000,0.00000000,0.00000000,1.00000000]]","center_3d":"[2.22213050,-1.12677018,0.11049691]","nearest_3d":"[1.03325379,1.12149370,0.06310190]","type":"wall-front"},"1":{"unique_id":"6bf6ba00-ad0a-41f3-bf50-55902e6edfcc","ros_timestamp":"1681734520.462168987","T_map_cam":"[[-0.08633865,-0.98214471,-0.16714487,0.72239781],[-0.14483112,0.17836256,-0.97324752,0.10758402],[0.98568229,-0.05982110,-0.15764470,0.59886036],[0.00000000,0.00000000,0.00000000,1.00000000]]","center_3d":"[0.66319675,-3.32045604,-0.01717276]","nearest_3d":"[-0.57470161,-1.08399093,0.62350035]","type":"wall-back"},"2":{"unique_id":"8893a9f0-be0d-4568-8520-39aef108a879","ros_timestamp":"1681734520.462168987","T_map_cam":"[[-0.08633865,-0.98214471,-0.16714487,0.72239781],[-0.14483112,0.17836256,-0.97324752,0.10758402],[0.98568229,-0.05982110,-0.15764470,0.59886036],[0.00000000,0.00000000,0.00000000,1.00000000]]","center_3d":"[2.50462581,-2.46833676,1.12985557]","nearest_3d":"[1.03325379,1.12149370,0.06310190]","type":"obstacle"}}