{"0":{"unique_id":"d3e44c72-a074-480b-8019-88964922f177","ros_timestamp":"1681734521.713622089","T_map_cam":"[[-0.38105705,-0.91631732,-0.12311822,0.68919062],[-0.11554152,0.17931810,-0.97698269,0.15157235],[0.91730348,-0.35806088,-0.17420312,0.54095169],[0.00000000,0.00000000,0.00000000,1.00000000]]","center_3d":"[2.22213050,-1.12677018,0.11049691]","nearest_3d":"[1.03325379,1.12149370,0.06310190]","type":"wall-front"},"1":{"unique_id":"6bf6ba00-ad0a-41f3-bf50-55902e6edfcc","ros_timestamp":"1681734521.713622089","T_map_cam":"[[-0.38105705,-0.91631732,-0.12311822,0.68919062],[-0.11554152,0.17931810,-0.97698269,0.15157235],[0.91730348,-0.35806088,-0.17420312,0.54095169],[0.00000000,0.00000000,0.00000000,1.00000000]]","center_3d":"[0.66319675,-3.32045604,-0.01717276]","nearest_3d":"[-0.57470161,-1.08399093,0.62350035]","type":"wall-back"},"2":{"unique_id":"8893a9f0-be0d-4568-8520-39aef108a879","ros_timestamp":"1681734521.713622089","T_map_cam":"[[-0.38105705,-0.91631732,-0.12311822,0.68919062],[-0.11554152,0.17931810,-0.97698269,0.15157235],[0.91730348,-0.35806088,-0.17420312,0.54095169],[0.00000000,0.00000000,0.00000000,1.00000000]]","center_3d":"[2.45079945,-2.45546382,1.06605824]","nearest_3d":"[1.03325379,1.12149370,0.06310190]","type":"obstacle"}}