{"0":{"unique_id":"d3e44c72-a074-480b-8019-88964922f177","ros_timestamp":"1681734522.132416886","T_map_cam":"[[-0.44797068,-0.88632819,-0.11723737,0.66536396],[-0.15173265,0.20459913,-0.96701417,0.12223389],[0.88107858,-0.41540526,-0.22613934,0.51661541],[0.00000000,0.00000000,0.00000000,1.00000000]]","center_3d":"[2.22213050,-1.12677018,0.11049691]","nearest_3d":"[1.03325379,1.12149370,0.06310190]","type":"wall-front"},"1":{"unique_id":"6bf6ba00-ad0a-41f3-bf50-55902e6edfcc","ros_timestamp":"1681734522.132416886","T_map_cam":"[[-0.44797068,-0.88632819,-0.11723737,0.66536396],[-0.15173265,0.20459913,-0.96701417,0.12223389],[0.88107858,-0.41540526,-0.22613934,0.51661541],[0.00000000,0.00000000,0.00000000,1.00000000]]","center_3d":"[0.66319675,-3.32045604,-0.01717276]","nearest_3d":"[-0.57470161,-1.08399093,0.62350035]","type":"wall-back"},"2":{"unique_id":"8893a9f0-be0d-4568-8520-39aef108a879","ros_timestamp":"1681734522.132416886","T_map_cam":"[[-0.44797068,-0.88632819,-0.11723737,0.66536396],[-0.15173265,0.20459913,-0.96701417,0.12223389],[0.88107858,-0.41540526,-0.22613934,0.51661541],[0.00000000,0.00000000,0.00000000,1.00000000]]","center_3d":"[2.43173918,-2.45847878,1.05292005]","nearest_3d":"[1.03325379,1.12149370,0.06310190]","type":"obstacle"}}