{"0":{"unique_id":"d3e44c72-a074-480b-8019-88964922f177","ros_timestamp":"1681734522.517748461","T_map_cam":"[[-0.55068403,-0.82256116,-0.14191632,0.62829216],[-0.15599265,0.26843704,-0.95058290,0.09238193],[0.82000817,-0.50133292,-0.27613748,0.48565659],[0.00000000,0.00000000,0.00000000,1.00000000]]","center_3d":"[2.22213050,-1.12677018,0.11049691]","nearest_3d":"[1.06907594,1.06090546,0.18967420]","type":"wall-front"},"1":{"unique_id":"6bf6ba00-ad0a-41f3-bf50-55902e6edfcc","ros_timestamp":"1681734522.517748461","T_map_cam":"[[-0.55068403,-0.82256116,-0.14191632,0.62829216],[-0.15599265,0.26843704,-0.95058290,0.09238193],[0.82000817,-0.50133292,-0.27613748,0.48565659],[0.00000000,0.00000000,0.00000000,1.00000000]]","center_3d":"[0.66319675,-3.32045604,-0.01717276]","nearest_3d":"[-0.57470161,-1.08399093,0.62350035]","type":"wall-back"},"2":{"unique_id":"8893a9f0-be0d-4568-8520-39aef108a879","ros_timestamp":"1681734522.517748461","T_map_cam":"[[-0.55068403,-0.82256116,-0.14191632,0.62829216],[-0.15599265,0.26843704,-0.95058290,0.09238193],[0.82000817,-0.50133292,-0.27613748,0.48565659],[0.00000000,0.00000000,0.00000000,1.00000000]]","center_3d":"[2.41511493,-2.46010306,1.03988661]","nearest_3d":"[1.06907594,1.06090546,0.18967420]","type":"obstacle"}}