{"0":{"unique_id":"d3e44c72-a074-480b-8019-88964922f177","ros_timestamp":"1681734523.316124866","T_map_cam":"[[-0.70413018,-0.69924328,-0.12352947,0.62502600],[-0.17950193,0.34360321,-0.92180035,0.02719586],[0.68700782,-0.62689366,-0.36745691,0.54771042],[0.00000000,0.00000000,0.00000000,1.00000000]]","center_3d":"[2.22213050,-1.12677018,0.11049691]","nearest_3d":"[1.06907594,1.06090546,0.18967420]","type":"wall-front"},"1":{"unique_id":"6bf6ba00-ad0a-41f3-bf50-55902e6edfcc","ros_timestamp":"1681734523.316124866","T_map_cam":"[[-0.70413018,-0.69924328,-0.12352947,0.62502600],[-0.17950193,0.34360321,-0.92180035,0.02719586],[0.68700782,-0.62689366,-0.36745691,0.54771042],[0.00000000,0.00000000,0.00000000,1.00000000]]","center_3d":"[0.66319675,-3.32045604,-0.01717276]","nearest_3d":"[-0.57470161,-1.08399093,0.62350035]","type":"wall-back"},"2":{"unique_id":"8893a9f0-be0d-4568-8520-39aef108a879","ros_timestamp":"1681734523.316124866","T_map_cam":"[[-0.70413018,-0.69924328,-0.12352947,0.62502600],[-0.17950193,0.34360321,-0.92180035,0.02719586],[0.68700782,-0.62689366,-0.36745691,0.54771042],[0.00000000,0.00000000,0.00000000,1.00000000]]","center_3d":"[2.39253641,-2.46683208,1.00768681]","nearest_3d":"[1.06907594,1.06090546,0.18967420]","type":"obstacle"}}