{"0":{"unique_id":"d3e44c72-a074-480b-8019-88964922f177","ros_timestamp":"1681734527.649201111","T_map_cam":"[[-0.91932242,-0.38725958,-0.06983055,0.42078940],[-0.08888399,0.37723004,-0.92184442,0.04331139],[0.38333527,-0.84126542,-0.38121721,0.65421231],[0.00000000,0.00000000,0.00000000,1.00000000]]","center_3d":"[2.22213050,-1.12677018,0.11049691]","nearest_3d":"[1.06907594,1.06090546,0.18967420]","type":"wall-front"},"1":{"unique_id":"6bf6ba00-ad0a-41f3-bf50-55902e6edfcc","ros_timestamp":"1681734527.649201111","T_map_cam":"[[-0.91932242,-0.38725958,-0.06983055,0.42078940],[-0.08888399,0.37723004,-0.92184442,0.04331139],[0.38333527,-0.84126542,-0.38121721,0.65421231],[0.00000000,0.00000000,0.00000000,1.00000000]]","center_3d":"[0.66319675,-3.32045604,-0.01717276]","nearest_3d":"[-0.57470161,-1.08399093,0.62350035]","type":"wall-back"},"2":{"unique_id":"8893a9f0-be0d-4568-8520-39aef108a879","ros_timestamp":"1681734527.649201111","T_map_cam":"[[-0.91932242,-0.38725958,-0.06983055,0.42078940],[-0.08888399,0.37723004,-0.92184442,0.04331139],[0.38333527,-0.84126542,-0.38121721,0.65421231],[0.00000000,0.00000000,0.00000000,1.00000000]]","center_3d":"[2.28478788,-2.35558658,0.72100969]","nearest_3d":"[1.02837527,1.21465504,-0.07328764]","type":"obstacle"}}