{"0":{"unique_id":"d3e44c72-a074-480b-8019-88964922f177","ros_timestamp":"1681734528.50561624","T_map_cam":"[[-0.92869603,-0.36327920,-0.07451116,0.41226266],[-0.06509644,0.35750051,-0.93164148,0.09581644],[0.36508375,-0.86036133,-0.35565748,0.58880578],[0.00000000,0.00000000,0.00000000,1.00000000]]","center_3d":"[2.22213050,-1.12677018,0.11049691]","nearest_3d":"[1.06907594,1.06090546,0.18967420]","type":"wall-front"},"1":{"unique_id":"6bf6ba00-ad0a-41f3-bf50-55902e6edfcc","ros_timestamp":"1681734528.50561624","T_map_cam":"[[-0.92869603,-0.36327920,-0.07451116,0.41226266],[-0.06509644,0.35750051,-0.93164148,0.09581644],[0.36508375,-0.86036133,-0.35565748,0.58880578],[0.00000000,0.00000000,0.00000000,1.00000000]]","center_3d":"[0.66319675,-3.32045604,-0.01717276]","nearest_3d":"[-0.57470161,-1.08399093,0.62350035]","type":"wall-back"},"2":{"unique_id":"8893a9f0-be0d-4568-8520-39aef108a879","ros_timestamp":"1681734528.50561624","T_map_cam":"[[-0.92869603,-0.36327920,-0.07451116,0.41226266],[-0.06509644,0.35750051,-0.93164148,0.09581644],[0.36508375,-0.86036133,-0.35565748,0.58880578],[0.00000000,0.00000000,0.00000000,1.00000000]]","center_3d":"[2.28012852,-2.33644808,0.71311456]","nearest_3d":"[1.02837527,1.21465504,-0.07328764]","type":"obstacle"}}