{"0":{"unique_id":"d3e44c72-a074-480b-8019-88964922f177","ros_timestamp":"1681734528.761333171","T_map_cam":"[[-0.97450755,-0.22104473,-0.03839603,0.36969927],[-0.02506862,0.27734981,-0.96044190,0.23017608],[0.22294975,-0.93499535,-0.27582077,0.51786962],[0.00000000,0.00000000,0.00000000,1.00000000]]","center_3d":"[2.22213050,-1.12677018,0.11049691]","nearest_3d":"[1.08332610,1.05841041,0.30895957]","type":"wall-front"},"1":{"unique_id":"6bf6ba00-ad0a-41f3-bf50-55902e6edfcc","ros_timestamp":"1681734528.761333171","T_map_cam":"[[-0.97450755,-0.22104473,-0.03839603,0.36969927],[-0.02506862,0.27734981,-0.96044190,0.23017608],[0.22294975,-0.93499535,-0.27582077,0.51786962],[0.00000000,0.00000000,0.00000000,1.00000000]]","center_3d":"[0.66319675,-3.32045604,-0.01717276]","nearest_3d":"[-0.57470161,-1.08399093,0.62350035]","type":"wall-back"},"2":{"unique_id":"8893a9f0-be0d-4568-8520-39aef108a879","ros_timestamp":"1681734528.761333171","T_map_cam":"[[-0.97450755,-0.22104473,-0.03839603,0.36969927],[-0.02506862,0.27734981,-0.96044190,0.23017608],[0.22294975,-0.93499535,-0.27582077,0.51786962],[0.00000000,0.00000000,0.00000000,1.00000000]]","center_3d":"[2.27083839,-2.29680310,0.69710717]","nearest_3d":"[1.02837527,1.21465504,-0.07328764]","type":"obstacle"}}