{"0":{"unique_id":"d3e44c72-a074-480b-8019-88964922f177","ros_timestamp":"1681734529.91918774","T_map_cam":"[[-0.97535349,-0.21737087,-0.03788776,0.38310887],[-0.02025996,0.25921291,-0.96560769,0.27192603],[0.21971598,-0.94104122,-0.25722814,0.45819615],[0.00000000,0.00000000,0.00000000,1.00000000]]","center_3d":"[2.22213050,-1.12677018,0.11049691]","nearest_3d":"[1.08332610,1.05841041,0.30895957]","type":"wall-front"},"1":{"unique_id":"6bf6ba00-ad0a-41f3-bf50-55902e6edfcc","ros_timestamp":"1681734529.91918774","T_map_cam":"[[-0.97535349,-0.21737087,-0.03788776,0.38310887],[-0.02025996,0.25921291,-0.96560769,0.27192603],[0.21971598,-0.94104122,-0.25722814,0.45819615],[0.00000000,0.00000000,0.00000000,1.00000000]]","center_3d":"[0.66319675,-3.32045604,-0.01717276]","nearest_3d":"[-0.57470161,-1.08399093,0.62350035]","type":"wall-back"},"2":{"unique_id":"8893a9f0-be0d-4568-8520-39aef108a879","ros_timestamp":"1681734529.91918774","T_map_cam":"[[-0.97535349,-0.21737087,-0.03788776,0.38310887],[-0.02025996,0.25921291,-0.96560769,0.27192603],[0.21971598,-0.94104122,-0.25722814,0.45819615],[0.00000000,0.00000000,0.00000000,1.00000000]]","center_3d":"[2.26628077,-2.27539869,0.68906968]","nearest_3d":"[1.25437820,0.97882175,0.06351891]","type":"obstacle"}}