{"0":{"unique_id":"d3e44c72-a074-480b-8019-88964922f177","ros_timestamp":"1681734529.827413668","T_map_cam":"[[-0.98357267,-0.17349832,-0.04983119,0.35584657],[0.01540760,0.19435599,-0.98081005,0.33530078],[0.17985388,-0.96546573,-0.18849004,0.28917881],[0.00000000,0.00000000,0.00000000,1.00000000]]","center_3d":"[2.22213050,-1.12677018,0.11049691]","nearest_3d":"[1.27667284,0.70954949,0.40606990]","type":"wall-front"},"1":{"unique_id":"6bf6ba00-ad0a-41f3-bf50-55902e6edfcc","ros_timestamp":"1681734529.827413668","T_map_cam":"[[-0.98357267,-0.17349832,-0.04983119,0.35584657],[0.01540760,0.19435599,-0.98081005,0.33530078],[0.17985388,-0.96546573,-0.18849004,0.28917881],[0.00000000,0.00000000,0.00000000,1.00000000]]","center_3d":"[0.66319675,-3.32045604,-0.01717276]","nearest_3d":"[-0.57470161,-1.08399093,0.62350035]","type":"wall-back"},"2":{"unique_id":"8893a9f0-be0d-4568-8520-39aef108a879","ros_timestamp":"1681734529.827413668","T_map_cam":"[[-0.98357267,-0.17349832,-0.04983119,0.35584657],[0.01540760,0.19435599,-0.98081005,0.33530078],[0.17985388,-0.96546573,-0.18849004,0.28917881],[0.00000000,0.00000000,0.00000000,1.00000000]]","center_3d":"[2.25836814,-2.22756960,0.67197846]","nearest_3d":"[1.25437820,0.97882175,0.06351891]","type":"obstacle"}}