{"0":{"unique_id":"d3e44c72-a074-480b-8019-88964922f177","ros_timestamp":"1681734530.201662470","T_map_cam":"[[-0.98872566,-0.14034598,-0.05219737,0.40092248],[0.02587874,0.18318550,-0.98273769,0.37864947],[0.14748509,-0.97300878,-0.17748823,0.11388955],[0.00000000,0.00000000,0.00000000,1.00000000]]","center_3d":"[2.22213050,-1.12677018,0.11049691]","nearest_3d":"[1.31399632,0.63253766,0.39645213]","type":"wall-front"},"1":{"unique_id":"6bf6ba00-ad0a-41f3-bf50-55902e6edfcc","ros_timestamp":"1681734530.201662470","T_map_cam":"[[-0.98872566,-0.14034598,-0.05219737,0.40092248],[0.02587874,0.18318550,-0.98273769,0.37864947],[0.14748509,-0.97300878,-0.17748823,0.11388955],[0.00000000,0.00000000,0.00000000,1.00000000]]","center_3d":"[0.66319675,-3.32045604,-0.01717276]","nearest_3d":"[-0.57470161,-1.08399093,0.62350035]","type":"wall-back"},"2":{"unique_id":"8893a9f0-be0d-4568-8520-39aef108a879","ros_timestamp":"1681734530.201662470","T_map_cam":"[[-0.98872566,-0.14034598,-0.05219737,0.40092248],[0.02587874,0.18318550,-0.98273769,0.37864947],[0.14748509,-0.97300878,-0.17748823,0.11388955],[0.00000000,0.00000000,0.00000000,1.00000000]]","center_3d":"[2.25366778,-2.19962983,0.66123624]","nearest_3d":"[1.25437820,0.97882175,0.06351891]","type":"obstacle"}}