{"0":{"unique_id":"d3e44c72-a074-480b-8019-88964922f177","ros_timestamp":"1681734530.545600131","T_map_cam":"[[-0.98849457,-0.14229762,-0.05128231,0.39156687],[0.02453489,0.18370802,-0.98267462,0.37418310],[0.14925323,-0.97262673,-0.17810313,0.12368001],[0.00000000,0.00000000,0.00000000,1.00000000]]","center_3d":"[2.22213050,-1.12677018,0.11049691]","nearest_3d":"[1.31399632,0.63253766,0.39645213]","type":"wall-front"},"1":{"unique_id":"6bf6ba00-ad0a-41f3-bf50-55902e6edfcc","ros_timestamp":"1681734530.545600131","T_map_cam":"[[-0.98849457,-0.14229762,-0.05128231,0.39156687],[0.02453489,0.18370802,-0.98267462,0.37418310],[0.14925323,-0.97262673,-0.17810313,0.12368001],[0.00000000,0.00000000,0.00000000,1.00000000]]","center_3d":"[0.66319675,-3.32045604,-0.01717276]","nearest_3d":"[-0.57470161,-1.08399093,0.62350035]","type":"wall-back"},"2":{"unique_id":"8893a9f0-be0d-4568-8520-39aef108a879","ros_timestamp":"1681734530.545600131","T_map_cam":"[[-0.98849457,-0.14229762,-0.05128231,0.39156687],[0.02453489,0.18370802,-0.98267462,0.37418310],[0.14925323,-0.97262673,-0.17810313,0.12368001],[0.00000000,0.00000000,0.00000000,1.00000000]]","center_3d":"[2.25214967,-2.17255250,0.65306870]","nearest_3d":"[1.25437820,0.97882175,0.06351891]","type":"obstacle"}}