{"0":{"unique_id":"d3e44c72-a074-480b-8019-88964922f177","ros_timestamp":"1681734530.919003365","T_map_cam":"[[-0.99040172,-0.12984968,-0.04736559,0.40810732],[0.02469331,0.17094710,-0.98497073,0.38511235],[0.13599514,-0.97668631,-0.16609988,0.06265042],[0.00000000,0.00000000,0.00000000,1.00000000]]","center_3d":"[2.22213050,-1.12677018,0.11049691]","nearest_3d":"[1.35158920,0.55423295,0.50896358]","type":"wall-front"},"1":{"unique_id":"6bf6ba00-ad0a-41f3-bf50-55902e6edfcc","ros_timestamp":"1681734530.919003365","T_map_cam":"[[-0.99040172,-0.12984968,-0.04736559,0.40810732],[0.02469331,0.17094710,-0.98497073,0.38511235],[0.13599514,-0.97668631,-0.16609988,0.06265042],[0.00000000,0.00000000,0.00000000,1.00000000]]","center_3d":"[0.66319675,-3.32045604,-0.01717276]","nearest_3d":"[-0.57470161,-1.08399093,0.62350035]","type":"wall-back"},"2":{"unique_id":"8893a9f0-be0d-4568-8520-39aef108a879","ros_timestamp":"1681734530.919003365","T_map_cam":"[[-0.99040172,-0.12984968,-0.04736559,0.40810732],[0.02469331,0.17094710,-0.98497073,0.38511235],[0.13599514,-0.97668631,-0.16609988,0.06265042],[0.00000000,0.00000000,0.00000000,1.00000000]]","center_3d":"[2.25320423,-2.14667060,0.64673695]","nearest_3d":"[1.25437820,0.97882175,0.06351891]","type":"obstacle"}}