{"0":{"unique_id":"d3e44c72-a074-480b-8019-88964922f177","ros_timestamp":"1681734531.311239664","T_map_cam":"[[-0.99365380,-0.10393594,-0.04300527,0.41918722],[0.02959227,0.12730807,-0.99142168,0.41365672],[0.10851926,-0.98640254,-0.12342444,0.00387207],[0.00000000,0.00000000,0.00000000,1.00000000]]","center_3d":"[2.22213050,-1.12677018,0.11049691]","nearest_3d":"[1.35158920,0.55423295,0.50896358]","type":"wall-front"},"1":{"unique_id":"6bf6ba00-ad0a-41f3-bf50-55902e6edfcc","ros_timestamp":"1681734531.311239664","T_map_cam":"[[-0.99365380,-0.10393594,-0.04300527,0.41918722],[0.02959227,0.12730807,-0.99142168,0.41365672],[0.10851926,-0.98640254,-0.12342444,0.00387207],[0.00000000,0.00000000,0.00000000,1.00000000]]","center_3d":"[0.66319675,-3.32045604,-0.01717276]","nearest_3d":"[-0.57470161,-1.08399093,0.62350035]","type":"wall-back"},"2":{"unique_id":"8893a9f0-be0d-4568-8520-39aef108a879","ros_timestamp":"1681734531.311239664","T_map_cam":"[[-0.99365380,-0.10393594,-0.04300527,0.41918722],[0.02959227,0.12730807,-0.99142168,0.41365672],[0.10851926,-0.98640254,-0.12342444,0.00387207],[0.00000000,0.00000000,0.00000000,1.00000000]]","center_3d":"[2.25526438,-2.11706176,0.63964787]","nearest_3d":"[1.25437820,0.97882175,0.06351891]","type":"obstacle"}}