{"0":{"unique_id":"d3e44c72-a074-480b-8019-88964922f177","ros_timestamp":"1681734531.666968429","T_map_cam":"[[-0.98917179,-0.13963465,-0.04518116,0.40448987],[0.03613529,0.06665325,-0.99712165,0.43514880],[0.14224420,-0.98795724,-0.06088578,-0.09134123],[0.00000000,0.00000000,0.00000000,1.00000000]]","center_3d":"[2.22213050,-1.12677018,0.11049691]","nearest_3d":"[1.35158920,0.55423295,0.50896358]","type":"wall-front"},"1":{"unique_id":"6bf6ba00-ad0a-41f3-bf50-55902e6edfcc","ros_timestamp":"1681734531.666968429","T_map_cam":"[[-0.98917179,-0.13963465,-0.04518116,0.40448987],[0.03613529,0.06665325,-0.99712165,0.43514880],[0.14224420,-0.98795724,-0.06088578,-0.09134123],[0.00000000,0.00000000,0.00000000,1.00000000]]","center_3d":"[0.66319675,-3.32045604,-0.01717276]","nearest_3d":"[-0.57470161,-1.08399093,0.62350035]","type":"wall-back"},"2":{"unique_id":"8893a9f0-be0d-4568-8520-39aef108a879","ros_timestamp":"1681734531.666968429","T_map_cam":"[[-0.98917179,-0.13963465,-0.04518116,0.40448987],[0.03613529,0.06665325,-0.99712165,0.43514880],[0.14224420,-0.98795724,-0.06088578,-0.09134123],[0.00000000,0.00000000,0.00000000,1.00000000]]","center_3d":"[2.25741345,-2.09416405,0.63433845]","nearest_3d":"[1.43883657,0.23727530,1.27631664]","type":"obstacle"}}