{"0":{"unique_id":"d3e44c72-a074-480b-8019-88964922f177","ros_timestamp":"1681734532.158779623","T_map_cam":"[[-0.97942435,-0.19781772,-0.03995120,0.38487372],[0.03554040,0.02579911,-0.99903518,0.44252879],[0.19865756,-0.97989926,-0.01823776,-0.16673223],[0.00000000,0.00000000,0.00000000,1.00000000]]","center_3d":"[2.91427891,-1.81313277,0.53523957]","nearest_3d":"[1.48457098,0.09520050,0.48179537]","type":"wall-front"},"1":{"unique_id":"6bf6ba00-ad0a-41f3-bf50-55902e6edfcc","ros_timestamp":"1681734532.158779623","T_map_cam":"[[-0.97942435,-0.19781772,-0.03995120,0.38487372],[0.03554040,0.02579911,-0.99903518,0.44252879],[0.19865756,-0.97989926,-0.01823776,-0.16673223],[0.00000000,0.00000000,0.00000000,1.00000000]]","center_3d":"[0.66319675,-3.32045604,-0.01717276]","nearest_3d":"[-0.55459601,-1.06573284,0.72750962]","type":"wall-back"},"2":{"unique_id":"8893a9f0-be0d-4568-8520-39aef108a879","ros_timestamp":"1681734532.158779623","T_map_cam":"[[-0.97942435,-0.19781772,-0.03995120,0.38487372],[0.03554040,0.02579911,-0.99903518,0.44252879],[0.19865756,-0.97989926,-0.01823776,-0.16673223],[0.00000000,0.00000000,0.00000000,1.00000000]]","center_3d":"[2.28610418,-2.56443117,1.02717089]","nearest_3d":"[1.25180912,0.98586369,0.06390257]","type":"obstacle"}}