{"0":{"unique_id":"d3e44c72-a074-480b-8019-88964922f177","ros_timestamp":"1681734532.511790303","T_map_cam":"[[-0.96816870,-0.24828272,-0.03170281,0.35952064],[0.02492376,0.03040041,-0.99922701,0.41291695],[0.24905458,-0.96821047,-0.02324458,-0.23634721],[0.00000000,0.00000000,0.00000000,1.00000000]]","center_3d":"[2.91427891,-1.81313277,0.53523957]","nearest_3d":"[1.48457098,0.09520050,0.48179537]","type":"wall-front"},"1":{"unique_id":"6bf6ba00-ad0a-41f3-bf50-55902e6edfcc","ros_timestamp":"1681734532.511790303","T_map_cam":"[[-0.96816870,-0.24828272,-0.03170281,0.35952064],[0.02492376,0.03040041,-0.99922701,0.41291695],[0.24905458,-0.96821047,-0.02324458,-0.23634721],[0.00000000,0.00000000,0.00000000,1.00000000]]","center_3d":"[0.66319675,-3.32045604,-0.01717276]","nearest_3d":"[-0.57429987,-1.07229567,0.62619901]","type":"wall-back"},"2":{"unique_id":"8893a9f0-be0d-4568-8520-39aef108a879","ros_timestamp":"1681734532.511790303","T_map_cam":"[[-0.96816870,-0.24828272,-0.03170281,0.35952064],[0.02492376,0.03040041,-0.99922701,0.41291695],[0.24905458,-0.96821047,-0.02324458,-0.23634721],[0.00000000,0.00000000,0.00000000,1.00000000]]","center_3d":"[2.28065466,-2.58291248,1.02435049]","nearest_3d":"[1.34034634,-0.65567929,-0.51617312]","type":"obstacle"}}