{"0":{"unique_id":"d3e44c72-a074-480b-8019-88964922f177","ros_timestamp":"1681734532.834969930","T_map_cam":"[[-0.95921056,-0.28266459,0.00397890,0.36742117],[-0.00659631,0.00830872,-0.99994373,0.34357401],[0.28261562,-0.95918283,-0.00983435,-0.29781020],[0.00000000,0.00000000,0.00000000,1.00000000]]","center_3d":"[2.91427891,-1.81313277,0.53523957]","nearest_3d":"[1.48457098,0.09520050,0.48179537]","type":"wall-front"},"1":{"unique_id":"6bf6ba00-ad0a-41f3-bf50-55902e6edfcc","ros_timestamp":"1681734532.834969930","T_map_cam":"[[-0.95921056,-0.28266459,0.00397890,0.36742117],[-0.00659631,0.00830872,-0.99994373,0.34357401],[0.28261562,-0.95918283,-0.00983435,-0.29781020],[0.00000000,0.00000000,0.00000000,1.00000000]]","center_3d":"[0.66319675,-3.32045604,-0.01717276]","nearest_3d":"[-0.57429987,-1.07229567,0.62619901]","type":"wall-back"},"2":{"unique_id":"8893a9f0-be0d-4568-8520-39aef108a879","ros_timestamp":"1681734532.834969930","T_map_cam":"[[-0.95921056,-0.28266459,0.00397890,0.36742117],[-0.00659631,0.00830872,-0.99994373,0.34357401],[0.28261562,-0.95918283,-0.00983435,-0.29781020],[0.00000000,0.00000000,0.00000000,1.00000000]]","center_3d":"[2.28320364,-2.59091134,1.02377869]","nearest_3d":"[1.34034634,-0.65567929,-0.51617312]","type":"obstacle"}}