{"0":{"unique_id":"d3e44c72-a074-480b-8019-88964922f177","ros_timestamp":"1681734533.166258556","T_map_cam":"[[-0.95495685,-0.29606349,0.02009565,0.39047718],[0.00086700,-0.07050372,-0.99751114,0.12548389],[0.29674344,-0.95256267,0.06758470,-0.37794661],[0.00000000,0.00000000,0.00000000,1.00000000]]","center_3d":"[2.91427891,-1.81313277,0.53523957]","nearest_3d":"[1.47738385,0.20694885,0.18635626]","type":"wall-front"},"1":{"unique_id":"6bf6ba00-ad0a-41f3-bf50-55902e6edfcc","ros_timestamp":"1681734533.166258556","T_map_cam":"[[-0.95495685,-0.29606349,0.02009565,0.39047718],[0.00086700,-0.07050372,-0.99751114,0.12548389],[0.29674344,-0.95256267,0.06758470,-0.37794661],[0.00000000,0.00000000,0.00000000,1.00000000]]","center_3d":"[0.66319675,-3.32045604,-0.01717276]","nearest_3d":"[-0.61153370,-1.08413041,0.22584753]","type":"wall-back"},"2":{"unique_id":"8893a9f0-be0d-4568-8520-39aef108a879","ros_timestamp":"1681734533.166258556","T_map_cam":"[[-0.95495685,-0.29606349,0.02009565,0.39047718],[0.00086700,-0.07050372,-0.99751114,0.12548389],[0.29674344,-0.95256267,0.06758470,-0.37794661],[0.00000000,0.00000000,0.00000000,1.00000000]]","center_3d":"[2.28571252,-2.59237761,1.02435240]","nearest_3d":"[1.34034634,-0.65567929,-0.51617312]","type":"obstacle"}}