{"0":{"unique_id":"d3e44c72-a074-480b-8019-88964922f177","ros_timestamp":"1681734533.510044242","T_map_cam":"[[-0.95166965,-0.30620491,0.02373667,0.38589939],[-0.00312151,-0.06763948,-0.99770494,0.13812525],[0.30710769,-0.94955961,0.06341462,-0.38332216],[0.00000000,0.00000000,0.00000000,1.00000000]]","center_3d":"[2.91427891,-1.81313277,0.53523957]","nearest_3d":"[1.47738385,0.20694885,0.18635626]","type":"wall-front"},"1":{"unique_id":"6bf6ba00-ad0a-41f3-bf50-55902e6edfcc","ros_timestamp":"1681734533.510044242","T_map_cam":"[[-0.95166965,-0.30620491,0.02373667,0.38589939],[-0.00312151,-0.06763948,-0.99770494,0.13812525],[0.30710769,-0.94955961,0.06341462,-0.38332216],[0.00000000,0.00000000,0.00000000,1.00000000]]","center_3d":"[0.66319675,-3.32045604,-0.01717276]","nearest_3d":"[-0.61153370,-1.08413041,0.22584753]","type":"wall-back"},"2":{"unique_id":"8893a9f0-be0d-4568-8520-39aef108a879","ros_timestamp":"1681734533.510044242","T_map_cam":"[[-0.95166965,-0.30620491,0.02373667,0.38589939],[-0.00312151,-0.06763948,-0.99770494,0.13812525],[0.30710769,-0.94955961,0.06341462,-0.38332216],[0.00000000,0.00000000,0.00000000,1.00000000]]","center_3d":"[2.28583729,-2.59187480,1.02393604]","nearest_3d":"[1.34034634,-0.65567929,-0.51617312]","type":"obstacle"}}