{"0":{"unique_id":"d3e44c72-a074-480b-8019-88964922f177","ros_timestamp":"1681734533.843261955","T_map_cam":"[[-0.95322458,-0.30153727,0.02093263,0.39540841],[-0.00309211,-0.05952148,-0.99822224,0.08272779],[0.30224715,-0.95159470,0.05580495,-0.40739112],[0.00000000,0.00000000,0.00000000,1.00000000]]","center_3d":"[2.91427891,-1.81313277,0.53523957]","nearest_3d":"[1.47738385,0.20694885,0.18635626]","type":"wall-front"},"1":{"unique_id":"6bf6ba00-ad0a-41f3-bf50-55902e6edfcc","ros_timestamp":"1681734533.843261955","T_map_cam":"[[-0.95322458,-0.30153727,0.02093263,0.39540841],[-0.00309211,-0.05952148,-0.99822224,0.08272779],[0.30224715,-0.95159470,0.05580495,-0.40739112],[0.00000000,0.00000000,0.00000000,1.00000000]]","center_3d":"[0.66319675,-3.32045604,-0.01717276]","nearest_3d":"[-0.61153370,-1.08413041,0.22584753]","type":"wall-back"},"2":{"unique_id":"8893a9f0-be0d-4568-8520-39aef108a879","ros_timestamp":"1681734533.843261955","T_map_cam":"[[-0.95322458,-0.30153727,0.02093263,0.39540841],[-0.00309211,-0.05952148,-0.99822224,0.08272779],[0.30224715,-0.95159470,0.05580495,-0.40739112],[0.00000000,0.00000000,0.00000000,1.00000000]]","center_3d":"[2.28583729,-2.59187480,1.02393604]","nearest_3d":"[1.34034634,-0.65567929,-0.51617312]","type":"obstacle"}}