{"0":{"unique_id":"d3e44c72-a074-480b-8019-88964922f177","ros_timestamp":"1681734534.584196442","T_map_cam":"[[-0.93451366,-0.35575099,0.01120053,0.36520557],[0.01106936,-0.06050239,-0.99810667,0.00799255],[0.35575510,-0.93262034,0.06047824,-0.43663810],[0.00000000,0.00000000,0.00000000,1.00000000]]","center_3d":"[2.91427891,-1.81313277,0.53523957]","nearest_3d":"[1.47738385,0.20694885,0.18635626]","type":"wall-front"},"1":{"unique_id":"6bf6ba00-ad0a-41f3-bf50-55902e6edfcc","ros_timestamp":"1681734534.584196442","T_map_cam":"[[-0.93451366,-0.35575099,0.01120053,0.36520557],[0.01106936,-0.06050239,-0.99810667,0.00799255],[0.35575510,-0.93262034,0.06047824,-0.43663810],[0.00000000,0.00000000,0.00000000,1.00000000]]","center_3d":"[0.66319675,-3.32045604,-0.01717276]","nearest_3d":"[-0.61153370,-1.08413041,0.22584753]","type":"wall-back"},"2":{"unique_id":"8893a9f0-be0d-4568-8520-39aef108a879","ros_timestamp":"1681734534.584196442","T_map_cam":"[[-0.93451366,-0.35575099,0.01120053,0.36520557],[0.01106936,-0.06050239,-0.99810667,0.00799255],[0.35575510,-0.93262034,0.06047824,-0.43663810],[0.00000000,0.00000000,0.00000000,1.00000000]]","center_3d":"[2.14516764,-2.61996960,0.89516069]","nearest_3d":"[1.33936131,-0.66170114,-0.51440740]","type":"obstacle"}}