{"0":{"unique_id":"d3e44c72-a074-480b-8019-88964922f177","ros_timestamp":"1681734534.933301803","T_map_cam":"[[-0.93085402,-0.36518666,-0.01222656,0.33582927],[0.03337844,-0.05166414,-0.99810656,-0.00314794],[0.36386353,-0.92949961,0.06028113,-0.44207278],[0.00000000,0.00000000,0.00000000,1.00000000]]","center_3d":"[2.91427891,-1.81313277,0.53523957]","nearest_3d":"[1.47738385,0.20694885,0.18635626]","type":"wall-front"},"1":{"unique_id":"6bf6ba00-ad0a-41f3-bf50-55902e6edfcc","ros_timestamp":"1681734534.933301803","T_map_cam":"[[-0.93085402,-0.36518666,-0.01222656,0.33582927],[0.03337844,-0.05166414,-0.99810656,-0.00314794],[0.36386353,-0.92949961,0.06028113,-0.44207278],[0.00000000,0.00000000,0.00000000,1.00000000]]","center_3d":"[0.66319675,-3.32045604,-0.01717276]","nearest_3d":"[-0.61153370,-1.08413041,0.22584753]","type":"wall-back"},"2":{"unique_id":"8893a9f0-be0d-4568-8520-39aef108a879","ros_timestamp":"1681734534.933301803","T_map_cam":"[[-0.93085402,-0.36518666,-0.01222656,0.33582927],[0.03337844,-0.05166414,-0.99810656,-0.00314794],[0.36386353,-0.92949961,0.06028113,-0.44207278],[0.00000000,0.00000000,0.00000000,1.00000000]]","center_3d":"[2.12649628,-2.61199112,0.86813416]","nearest_3d":"[0.35710093,-0.34985423,-1.03972864]","type":"obstacle"}}