{"0":{"unique_id":"d3e44c72-a074-480b-8019-88964922f177","ros_timestamp":"1681734537.569222097","T_map_cam":"[[-0.92870197,-0.36984314,-0.02699456,0.32899425],[0.00551672,0.05900804,-0.99824226,0.02641137],[0.37078595,-0.92721848,-0.05276056,-0.55672718],[0.00000000,0.00000000,0.00000000,1.00000000]]","center_3d":"[2.91427891,-1.81313277,0.53523957]","nearest_3d":"[1.47738385,0.20694885,0.18635626]","type":"wall-front"},"1":{"unique_id":"6bf6ba00-ad0a-41f3-bf50-55902e6edfcc","ros_timestamp":"1681734537.569222097","T_map_cam":"[[-0.92870197,-0.36984314,-0.02699456,0.32899425],[0.00551672,0.05900804,-0.99824226,0.02641137],[0.37078595,-0.92721848,-0.05276056,-0.55672718],[0.00000000,0.00000000,0.00000000,1.00000000]]","center_3d":"[0.66319675,-3.32045604,-0.01717276]","nearest_3d":"[-0.61153370,-1.08413041,0.22584753]","type":"wall-back"},"2":{"unique_id":"8893a9f0-be0d-4568-8520-39aef108a879","ros_timestamp":"1681734537.569222097","T_map_cam":"[[-0.92870197,-0.36984314,-0.02699456,0.32899425],[0.00551672,0.05900804,-0.99824226,0.02641137],[0.37078595,-0.92721848,-0.05276056,-0.55672718],[0.00000000,0.00000000,0.00000000,1.00000000]]","center_3d":"[2.10939797,-2.60924903,0.84818853]","nearest_3d":"[1.24381530,-0.79833758,-0.56426525]","type":"obstacle"}}