{"0":{"unique_id":"d3e44c72-a074-480b-8019-88964922f177","ros_timestamp":"1681734473.776501141","T_map_cam":"[[-0.99050375,-0.11054410,-0.08174543,0.31295776],[0.05194528,0.24960252,-0.96695412,0.15405813],[0.12729493,-0.96201798,-0.24148998,0.27673556],[0.00000000,0.00000000,0.00000000,1.00000000]]","center_3d":"[2.22213050,-1.12677018,0.11049691]","nearest_3d":"[1.24339223,0.77783430,0.27735257]","type":"wall-front"},"1":{"unique_id":"6bf6ba00-ad0a-41f3-bf50-55902e6edfcc","ros_timestamp":"1681734473.776501141","T_map_cam":"[[-0.99050375,-0.11054410,-0.08174543,0.31295776],[0.05194528,0.24960252,-0.96695412,0.15405813],[0.12729493,-0.96201798,-0.24148998,0.27673556],[0.00000000,0.00000000,0.00000000,1.00000000]]","center_3d":"[0.66319675,-3.32045604,-0.01717276]","nearest_3d":"[-0.23633325,-1.62914646,0.30891234]","type":"wall-back"},"2":{"unique_id":"8893a9f0-be0d-4568-8520-39aef108a879","ros_timestamp":"1681734473.776501141","T_map_cam":"[[-0.99050375,-0.11054410,-0.08174543,0.31295776],[0.05194528,0.24960252,-0.96695412,0.15405813],[0.12729493,-0.96201798,-0.24148998,0.27673556],[0.00000000,0.00000000,0.00000000,1.00000000]]","center_3d":"[2.89108220,-2.25650066,0.31515350]","nearest_3d":"[1.36583519,-0.62805718,-0.47300026]","type":"obstacle"}}