{"0":{"unique_id":"d3e44c72-a074-480b-8019-88964922f177","ros_timestamp":"1681734474.48731999","T_map_cam":"[[-0.99329180,-0.08917005,-0.07362135,0.31967779],[0.04865802,0.25525172,-0.96564950,0.16079558],[0.10489899,-0.96275400,-0.24920060,0.25499289],[0.00000000,0.00000000,0.00000000,1.00000000]]","center_3d":"[2.22213050,-1.12677018,0.11049691]","nearest_3d":"[1.28296590,0.69273531,0.30263144]","type":"wall-front"},"1":{"unique_id":"6bf6ba00-ad0a-41f3-bf50-55902e6edfcc","ros_timestamp":"1681734474.48731999","T_map_cam":"[[-0.99329180,-0.08917005,-0.07362135,0.31967779],[0.04865802,0.25525172,-0.96564950,0.16079558],[0.10489899,-0.96275400,-0.24920060,0.25499289],[0.00000000,0.00000000,0.00000000,1.00000000]]","center_3d":"[0.66319675,-3.32045604,-0.01717276]","nearest_3d":"[-0.35560215,-1.37401175,0.41051632]","type":"wall-back"},"2":{"unique_id":"8893a9f0-be0d-4568-8520-39aef108a879","ros_timestamp":"1681734474.48731999","T_map_cam":"[[-0.99329180,-0.08917005,-0.07362135,0.31967779],[0.04865802,0.25525172,-0.96564950,0.16079558],[0.10489899,-0.96275400,-0.24920060,0.25499289],[0.00000000,0.00000000,0.00000000,1.00000000]]","center_3d":"[2.89642444,-2.25884729,0.30234920]","nearest_3d":"[1.33424520,-0.67182779,-0.47970754]","type":"obstacle"}}