{"0":{"unique_id":"d3e44c72-a074-480b-8019-88964922f177","ros_timestamp":"1681734474.738137754","T_map_cam":"[[-0.99603616,-0.05215509,-0.07205428,0.28944321],[0.05758224,0.23934218,-0.96922629,0.18962427],[0.06779571,-0.96953348,-0.23539026,0.15064855],[0.00000000,0.00000000,0.00000000,1.00000000]]","center_3d":"[2.22213050,-1.12677018,0.11049691]","nearest_3d":"[1.28296590,0.69273531,0.30263144]","type":"wall-front"},"1":{"unique_id":"6bf6ba00-ad0a-41f3-bf50-55902e6edfcc","ros_timestamp":"1681734474.738137754","T_map_cam":"[[-0.99603616,-0.05215509,-0.07205428,0.28944321],[0.05758224,0.23934218,-0.96922629,0.18962427],[0.06779571,-0.96953348,-0.23539026,0.15064855],[0.00000000,0.00000000,0.00000000,1.00000000]]","center_3d":"[0.66319675,-3.32045604,-0.01717276]","nearest_3d":"[-0.35560215,-1.37401175,0.41051632]","type":"wall-back"},"2":{"unique_id":"8893a9f0-be0d-4568-8520-39aef108a879","ros_timestamp":"1681734474.738137754","T_map_cam":"[[-0.99603616,-0.05215509,-0.07205428,0.28944321],[0.05758224,0.23934218,-0.96922629,0.18962427],[0.06779571,-0.96953348,-0.23539026,0.15064855],[0.00000000,0.00000000,0.00000000,1.00000000]]","center_3d":"[2.89714463,-2.25992992,0.30184394]","nearest_3d":"[1.33424520,-0.67182779,-0.47970754]","type":"obstacle"}}