{"0":{"unique_id":"d3e44c72-a074-480b-8019-88964922f177","ros_timestamp":"1681734474.959887571","T_map_cam":"[[-0.99734500,-0.02090247,-0.06975695,0.27263077],[0.06329672,0.22481122,-0.97234430,0.20142017],[0.03600654,-0.97417812,-0.22289129,0.11950151],[0.00000000,0.00000000,0.00000000,1.00000000]]","center_3d":"[2.22213050,-1.12677018,0.11049691]","nearest_3d":"[1.28296590,0.69273531,0.30263144]","type":"wall-front"},"1":{"unique_id":"6bf6ba00-ad0a-41f3-bf50-55902e6edfcc","ros_timestamp":"1681734474.959887571","T_map_cam":"[[-0.99734500,-0.02090247,-0.06975695,0.27263077],[0.06329672,0.22481122,-0.97234430,0.20142017],[0.03600654,-0.97417812,-0.22289129,0.11950151],[0.00000000,0.00000000,0.00000000,1.00000000]]","center_3d":"[0.66319675,-3.32045604,-0.01717276]","nearest_3d":"[-0.35560215,-1.37401175,0.41051632]","type":"wall-back"},"2":{"unique_id":"8893a9f0-be0d-4568-8520-39aef108a879","ros_timestamp":"1681734474.959887571","T_map_cam":"[[-0.99734500,-0.02090247,-0.06975695,0.27263077],[0.06329672,0.22481122,-0.97234430,0.20142017],[0.03600654,-0.97417812,-0.22289129,0.11950151],[0.00000000,0.00000000,0.00000000,1.00000000]]","center_3d":"[2.89714463,-2.25992992,0.30184394]","nearest_3d":"[1.33424520,-0.67182779,-0.47970754]","type":"obstacle"}}