{"0":{"unique_id":"d3e44c72-a074-480b-8019-88964922f177","ros_timestamp":"1681734475.192220097","T_map_cam":"[[-0.99686879,0.05231909,-0.05929027,0.31495583],[0.06669812,0.15360002,-0.98587950,0.25800487],[-0.04247333,-0.98674705,-0.15660865,0.11416628],[0.00000000,0.00000000,0.00000000,1.00000000]]","center_3d":"[2.22213050,-1.12677018,0.11049691]","nearest_3d":"[1.34962368,0.57471442,0.30354148]","type":"wall-front"},"1":{"unique_id":"6bf6ba00-ad0a-41f3-bf50-55902e6edfcc","ros_timestamp":"1681734475.192220097","T_map_cam":"[[-0.99686879,0.05231909,-0.05929027,0.31495583],[0.06669812,0.15360002,-0.98587950,0.25800487],[-0.04247333,-0.98674705,-0.15660865,0.11416628],[0.00000000,0.00000000,0.00000000,1.00000000]]","center_3d":"[0.66319675,-3.32045604,-0.01717276]","nearest_3d":"[-0.35560215,-1.37401175,0.41051632]","type":"wall-back"},"2":{"unique_id":"8893a9f0-be0d-4568-8520-39aef108a879","ros_timestamp":"1681734475.192220097","T_map_cam":"[[-0.99686879,0.05231909,-0.05929027,0.31495583],[0.06669812,0.15360002,-0.98587950,0.25800487],[-0.04247333,-0.98674705,-0.15660865,0.11416628],[0.00000000,0.00000000,0.00000000,1.00000000]]","center_3d":"[2.89714463,-2.25992992,0.30184394]","nearest_3d":"[1.33424520,-0.67182779,-0.47970754]","type":"obstacle"}}