{"0":{"unique_id":"d3e44c72-a074-480b-8019-88964922f177","ros_timestamp":"1681734475.646392047","T_map_cam":"[[-0.99709482,0.03005375,-0.06999070,0.30323269],[0.07423556,0.17763204,-0.98129299,0.24270893],[-0.01705895,-0.98363796,-0.17934704,0.10428749],[0.00000000,0.00000000,0.00000000,1.00000000]]","center_3d":"[2.22213050,-1.12677018,0.11049691]","nearest_3d":"[1.34962368,0.57471442,0.30354148]","type":"wall-front"},"1":{"unique_id":"6bf6ba00-ad0a-41f3-bf50-55902e6edfcc","ros_timestamp":"1681734475.646392047","T_map_cam":"[[-0.99709482,0.03005375,-0.06999070,0.30323269],[0.07423556,0.17763204,-0.98129299,0.24270893],[-0.01705895,-0.98363796,-0.17934704,0.10428749],[0.00000000,0.00000000,0.00000000,1.00000000]]","center_3d":"[0.66319675,-3.32045604,-0.01717276]","nearest_3d":"[-0.35560215,-1.37401175,0.41051632]","type":"wall-back"},"2":{"unique_id":"8893a9f0-be0d-4568-8520-39aef108a879","ros_timestamp":"1681734475.646392047","T_map_cam":"[[-0.99709482,0.03005375,-0.06999070,0.30323269],[0.07423556,0.17763204,-0.98129299,0.24270893],[-0.01705895,-0.98363796,-0.17934704,0.10428749],[0.00000000,0.00000000,0.00000000,1.00000000]]","center_3d":"[2.89714463,-2.25992992,0.30184394]","nearest_3d":"[1.33424520,-0.67182779,-0.47970754]","type":"obstacle"}}