{"0":{"unique_id":"d3e44c72-a074-480b-8019-88964922f177","ros_timestamp":"1681734476.231804116","T_map_cam":"[[-0.99542899,0.08582825,-0.04188849,0.32783171],[0.05201903,0.11942043,-0.99148010,0.28577324],[-0.08009466,-0.98912703,-0.12333926,0.13949000],[0.00000000,0.00000000,0.00000000,1.00000000]]","center_3d":"[2.22213050,-1.12677018,0.11049691]","nearest_3d":"[1.34709513,0.54814774,0.46081313]","type":"wall-front"},"1":{"unique_id":"6bf6ba00-ad0a-41f3-bf50-55902e6edfcc","ros_timestamp":"1681734476.231804116","T_map_cam":"[[-0.99542899,0.08582825,-0.04188849,0.32783171],[0.05201903,0.11942043,-0.99148010,0.28577324],[-0.08009466,-0.98912703,-0.12333926,0.13949000],[0.00000000,0.00000000,0.00000000,1.00000000]]","center_3d":"[0.66319675,-3.32045604,-0.01717276]","nearest_3d":"[-0.45805466,-1.24431586,0.45012581]","type":"wall-back"},"2":{"unique_id":"8893a9f0-be0d-4568-8520-39aef108a879","ros_timestamp":"1681734476.231804116","T_map_cam":"[[-0.99542899,0.08582825,-0.04188849,0.32783171],[0.05201903,0.11942043,-0.99148010,0.28577324],[-0.08009466,-0.98912703,-0.12333926,0.13949000],[0.00000000,0.00000000,0.00000000,1.00000000]]","center_3d":"[2.96207614,-2.34380436,0.35582440]","nearest_3d":"[1.61823368,-0.54372138,-0.28643328]","type":"obstacle"}}