{"0":{"unique_id":"d3e44c72-a074-480b-8019-88964922f177","ros_timestamp":"1681734476.473802544","T_map_cam":"[[-0.99249075,0.11794698,-0.03241320,0.33649431],[0.04410984,0.09795061,-0.99421326,0.32296230],[-0.11408956,-0.98817720,-0.10241770,0.17880742],[0.00000000,0.00000000,0.00000000,1.00000000]]","center_3d":"[2.22213050,-1.12677018,0.11049691]","nearest_3d":"[1.34709513,0.54814774,0.46081313]","type":"wall-front"},"1":{"unique_id":"6bf6ba00-ad0a-41f3-bf50-55902e6edfcc","ros_timestamp":"1681734476.473802544","T_map_cam":"[[-0.99249075,0.11794698,-0.03241320,0.33649431],[0.04410984,0.09795061,-0.99421326,0.32296230],[-0.11408956,-0.98817720,-0.10241770,0.17880742],[0.00000000,0.00000000,0.00000000,1.00000000]]","center_3d":"[0.66319675,-3.32045604,-0.01717276]","nearest_3d":"[-0.45805466,-1.24431586,0.45012581]","type":"wall-back"},"2":{"unique_id":"8893a9f0-be0d-4568-8520-39aef108a879","ros_timestamp":"1681734476.473802544","T_map_cam":"[[-0.99249075,0.11794698,-0.03241320,0.33649431],[0.04410984,0.09795061,-0.99421326,0.32296230],[-0.11408956,-0.98817720,-0.10241770,0.17880742],[0.00000000,0.00000000,0.00000000,1.00000000]]","center_3d":"[2.96207614,-2.34380436,0.35582440]","nearest_3d":"[1.61823368,-0.54372138,-0.28643328]","type":"obstacle"}}