{"0":{"unique_id":"d3e44c72-a074-480b-8019-88964922f177","ros_timestamp":"1681734477.70553425","T_map_cam":"[[-0.99643371,0.07415801,-0.04025495,0.35427010],[0.04438043,0.05484947,-0.99750785,0.35998235],[-0.07176523,-0.99573698,-0.05794502,0.21377107],[0.00000000,0.00000000,0.00000000,1.00000000]]","center_3d":"[2.22213050,-1.12677018,0.11049691]","nearest_3d":"[1.29363596,0.66867286,0.40247431]","type":"wall-front"},"1":{"unique_id":"6bf6ba00-ad0a-41f3-bf50-55902e6edfcc","ros_timestamp":"1681734477.70553425","T_map_cam":"[[-0.99643371,0.07415801,-0.04025495,0.35427010],[0.04438043,0.05484947,-0.99750785,0.35998235],[-0.07176523,-0.99573698,-0.05794502,0.21377107],[0.00000000,0.00000000,0.00000000,1.00000000]]","center_3d":"[0.66319675,-3.32045604,-0.01717276]","nearest_3d":"[-0.54497176,-1.08832204,0.57555377]","type":"wall-back"},"2":{"unique_id":"8893a9f0-be0d-4568-8520-39aef108a879","ros_timestamp":"1681734477.70553425","T_map_cam":"[[-0.99643371,0.07415801,-0.04025495,0.35427010],[0.04438043,0.05484947,-0.99750785,0.35998235],[-0.07176523,-0.99573698,-0.05794502,0.21377107],[0.00000000,0.00000000,0.00000000,1.00000000]]","center_3d":"[2.97667244,-2.36230682,0.33313272]","nearest_3d":"[1.69371295,-0.51026213,-0.18920541]","type":"obstacle"}}