{"0":{"unique_id":"d3e44c72-a074-480b-8019-88964922f177","ros_timestamp":"1681734478.68760431","T_map_cam":"[[-0.98668434,-0.14482492,-0.07402533,0.44592347],[0.06004766,0.09861678,-0.99331214,0.32697457],[0.15115649,-0.98453059,-0.08860723,0.30378951],[0.00000000,0.00000000,0.00000000,1.00000000]]","center_3d":"[2.22213050,-1.12677018,0.11049691]","nearest_3d":"[1.25898933,0.74662054,0.39805764]","type":"wall-front"},"1":{"unique_id":"6bf6ba00-ad0a-41f3-bf50-55902e6edfcc","ros_timestamp":"1681734478.68760431","T_map_cam":"[[-0.98668434,-0.14482492,-0.07402533,0.44592347],[0.06004766,0.09861678,-0.99331214,0.32697457],[0.15115649,-0.98453059,-0.08860723,0.30378951],[0.00000000,0.00000000,0.00000000,1.00000000]]","center_3d":"[0.66319675,-3.32045604,-0.01717276]","nearest_3d":"[-0.54497176,-1.08832204,0.57555377]","type":"wall-back"},"2":{"unique_id":"8893a9f0-be0d-4568-8520-39aef108a879","ros_timestamp":"1681734478.68760431","T_map_cam":"[[-0.98668434,-0.14482492,-0.07402533,0.44592347],[0.06004766,0.09861678,-0.99331214,0.32697457],[0.15115649,-0.98453059,-0.08860723,0.30378951],[0.00000000,0.00000000,0.00000000,1.00000000]]","center_3d":"[2.97667244,-2.36230682,0.33313272]","nearest_3d":"[1.69371295,-0.51026213,-0.18920541]","type":"obstacle"}}