{"0":{"unique_id":"d3e44c72-a074-480b-8019-88964922f177","ros_timestamp":"1681734478.805271236","T_map_cam":"[[-0.96843797,-0.23306331,-0.08837077,0.49983908],[0.04442879,0.18745496,-0.98126792,0.24932264],[0.24526309,-0.95422331,-0.17118378,0.24473694],[0.00000000,0.00000000,0.00000000,1.00000000]]","center_3d":"[2.22213050,-1.12677018,0.11049691]","nearest_3d":"[1.25736558,0.74787128,0.32847434]","type":"wall-front"},"1":{"unique_id":"6bf6ba00-ad0a-41f3-bf50-55902e6edfcc","ros_timestamp":"1681734478.805271236","T_map_cam":"[[-0.96843797,-0.23306331,-0.08837077,0.49983908],[0.04442879,0.18745496,-0.98126792,0.24932264],[0.24526309,-0.95422331,-0.17118378,0.24473694],[0.00000000,0.00000000,0.00000000,1.00000000]]","center_3d":"[0.66319675,-3.32045604,-0.01717276]","nearest_3d":"[-0.54497176,-1.08832204,0.57555377]","type":"wall-back"},"2":{"unique_id":"8893a9f0-be0d-4568-8520-39aef108a879","ros_timestamp":"1681734478.805271236","T_map_cam":"[[-0.96843797,-0.23306331,-0.08837077,0.49983908],[0.04442879,0.18745496,-0.98126792,0.24932264],[0.24526309,-0.95422331,-0.17118378,0.24473694],[0.00000000,0.00000000,0.00000000,1.00000000]]","center_3d":"[2.97667244,-2.36230682,0.33313272]","nearest_3d":"[1.69371295,-0.51026213,-0.18920541]","type":"obstacle"}}