{"0":{"unique_id":"d3e44c72-a074-480b-8019-88964922f177","ros_timestamp":"1681734480.287183650","T_map_cam":"[[-0.87444202,-0.46030155,-0.15321109,0.43360473],[-0.03672009,0.37770868,-0.92519608,0.15136143],[0.48373835,-0.80340440,-0.34718666,0.07858649],[0.00000000,0.00000000,0.00000000,1.00000000]]","center_3d":"[2.22213050,-1.12677018,0.11049691]","nearest_3d":"[1.28459167,0.68146241,0.25065413]","type":"wall-front"},"1":{"unique_id":"6bf6ba00-ad0a-41f3-bf50-55902e6edfcc","ros_timestamp":"1681734480.287183650","T_map_cam":"[[-0.87444202,-0.46030155,-0.15321109,0.43360473],[-0.03672009,0.37770868,-0.92519608,0.15136143],[0.48373835,-0.80340440,-0.34718666,0.07858649],[0.00000000,0.00000000,0.00000000,1.00000000]]","center_3d":"[0.66319675,-3.32045604,-0.01717276]","nearest_3d":"[-0.56343234,-1.09576607,0.18890154]","type":"wall-back"},"2":{"unique_id":"8893a9f0-be0d-4568-8520-39aef108a879","ros_timestamp":"1681734480.287183650","T_map_cam":"[[-0.87444202,-0.46030155,-0.15321109,0.43360473],[-0.03672009,0.37770868,-0.92519608,0.15136143],[0.48373835,-0.80340440,-0.34718666,0.07858649],[0.00000000,0.00000000,0.00000000,1.00000000]]","center_3d":"[3.05107828,-2.47924247,0.42885094]","nearest_3d":"[1.64505601,-0.48549056,-0.31335661]","type":"obstacle"}}