{"0":{"unique_id":"d3e44c72-a074-480b-8019-88964922f177","ros_timestamp":"1681734482.618108697","T_map_cam":"[[-0.73974197,-0.64897164,-0.17781350,0.37572138],[-0.18849900,0.45353286,-0.87107753,0.18241711],[0.64594888,-0.61085494,-0.45782780,-0.11243584],[0.00000000,0.00000000,0.00000000,1.00000000]]","center_3d":"[2.22213050,-1.12677018,0.11049691]","nearest_3d":"[1.33323550,0.58624613,0.27743632]","type":"wall-front"},"1":{"unique_id":"6bf6ba00-ad0a-41f3-bf50-55902e6edfcc","ros_timestamp":"1681734482.618108697","T_map_cam":"[[-0.73974197,-0.64897164,-0.17781350,0.37572138],[-0.18849900,0.45353286,-0.87107753,0.18241711],[0.64594888,-0.61085494,-0.45782780,-0.11243584],[0.00000000,0.00000000,0.00000000,1.00000000]]","center_3d":"[0.66319675,-3.32045604,-0.01717276]","nearest_3d":"[-0.56343234,-1.09576607,0.18890154]","type":"wall-back"},"2":{"unique_id":"8893a9f0-be0d-4568-8520-39aef108a879","ros_timestamp":"1681734482.618108697","T_map_cam":"[[-0.73974197,-0.64897164,-0.17781350,0.37572138],[-0.18849900,0.45353286,-0.87107753,0.18241711],[0.64594888,-0.61085494,-0.45782780,-0.11243584],[0.00000000,0.00000000,0.00000000,1.00000000]]","center_3d":"[3.05107828,-2.47924247,0.42885094]","nearest_3d":"[1.64505601,-0.48549056,-0.31335661]","type":"obstacle"}}