{"0":{"unique_id":"d3e44c72-a074-480b-8019-88964922f177","ros_timestamp":"1681734484.457907903","T_map_cam":"[[-0.50415193,-0.84714113,-0.16787714,0.17811678],[-0.16937270,0.28760230,-0.94265466,0.33008489],[0.84684339,-0.44680736,-0.28847783,-0.23414843],[0.00000000,0.00000000,0.00000000,1.00000000]]","center_3d":"[2.22213050,-1.12677018,0.11049691]","nearest_3d":"[1.33323550,0.58624613,0.27743632]","type":"wall-front"},"1":{"unique_id":"6bf6ba00-ad0a-41f3-bf50-55902e6edfcc","ros_timestamp":"1681734484.457907903","T_map_cam":"[[-0.50415193,-0.84714113,-0.16787714,0.17811678],[-0.16937270,0.28760230,-0.94265466,0.33008489],[0.84684339,-0.44680736,-0.28847783,-0.23414843],[0.00000000,0.00000000,0.00000000,1.00000000]]","center_3d":"[0.66319675,-3.32045604,-0.01717276]","nearest_3d":"[-0.56067443,-1.09926319,0.25933933]","type":"wall-back"},"2":{"unique_id":"8893a9f0-be0d-4568-8520-39aef108a879","ros_timestamp":"1681734484.457907903","T_map_cam":"[[-0.50415193,-0.84714113,-0.16787714,0.17811678],[-0.16937270,0.28760230,-0.94265466,0.33008489],[0.84684339,-0.44680736,-0.28847783,-0.23414843],[0.00000000,0.00000000,0.00000000,1.00000000]]","center_3d":"[3.05107828,-2.47924247,0.42885094]","nearest_3d":"[1.63219762,-0.55679870,-0.26882187]","type":"obstacle"}}