{"0":{"unique_id":"d3e44c72-a074-480b-8019-88964922f177","ros_timestamp":"1681734485.698584417","T_map_cam":"[[-0.59102963,-0.79287394,-0.14844154,0.07416173],[-0.10066965,0.25508422,-0.96166401,0.35338422],[0.80034343,-0.55342836,-0.23058068,-0.34669238],[0.00000000,0.00000000,0.00000000,1.00000000]]","center_3d":"[2.22213050,-1.12677018,0.11049691]","nearest_3d":"[1.48780084,0.28232175,0.35056165]","type":"wall-front"},"1":{"unique_id":"6bf6ba00-ad0a-41f3-bf50-55902e6edfcc","ros_timestamp":"1681734485.698584417","T_map_cam":"[[-0.59102963,-0.79287394,-0.14844154,0.07416173],[-0.10066965,0.25508422,-0.96166401,0.35338422],[0.80034343,-0.55342836,-0.23058068,-0.34669238],[0.00000000,0.00000000,0.00000000,1.00000000]]","center_3d":"[0.66319675,-3.32045604,-0.01717276]","nearest_3d":"[-0.56067443,-1.09926319,0.25933933]","type":"wall-back"},"2":{"unique_id":"8893a9f0-be0d-4568-8520-39aef108a879","ros_timestamp":"1681734485.698584417","T_map_cam":"[[-0.59102963,-0.79287394,-0.14844154,0.07416173],[-0.10066965,0.25508422,-0.96166401,0.35338422],[0.80034343,-0.55342836,-0.23058068,-0.34669238],[0.00000000,0.00000000,0.00000000,1.00000000]]","center_3d":"[3.05107828,-2.47924247,0.42885094]","nearest_3d":"[1.63219762,-0.55679870,-0.26882187]","type":"obstacle"}}