{"0":{"unique_id":"d3e44c72-a074-480b-8019-88964922f177","ros_timestamp":"1681734489.467631357","T_map_cam":"[[-0.66417513,-0.73115055,-0.15585333,0.02472501],[-0.18543730,0.36309174,-0.91311412,0.36570745],[0.72421295,-0.57756667,-0.37673909,-0.33314680],[0.00000000,0.00000000,0.00000000,1.00000000]]","center_3d":"[2.22213050,-1.12677018,0.11049691]","nearest_3d":"[1.48780084,0.28232175,0.35056165]","type":"wall-front"},"1":{"unique_id":"6bf6ba00-ad0a-41f3-bf50-55902e6edfcc","ros_timestamp":"1681734489.467631357","T_map_cam":"[[-0.66417513,-0.73115055,-0.15585333,0.02472501],[-0.18543730,0.36309174,-0.91311412,0.36570745],[0.72421295,-0.57756667,-0.37673909,-0.33314680],[0.00000000,0.00000000,0.00000000,1.00000000]]","center_3d":"[0.66319675,-3.32045604,-0.01717276]","nearest_3d":"[-0.56343234,-1.09576607,0.18890154]","type":"wall-back"},"2":{"unique_id":"8893a9f0-be0d-4568-8520-39aef108a879","ros_timestamp":"1681734489.467631357","T_map_cam":"[[-0.66417513,-0.73115055,-0.15585333,0.02472501],[-0.18543730,0.36309174,-0.91311412,0.36570745],[0.72421295,-0.57756667,-0.37673909,-0.33314680],[0.00000000,0.00000000,0.00000000,1.00000000]]","center_3d":"[3.05107828,-2.47924247,0.42885094]","nearest_3d":"[1.42260027,-0.85849082,-0.42550540]","type":"obstacle"}}