{"0":{"unique_id":"d3e44c72-a074-480b-8019-88964922f177","ros_timestamp":"1681734489.790433073","T_map_cam":"[[-0.68408420,-0.71570356,-0.14070257,0.03439624],[-0.21846184,0.38508598,-0.89665111,0.37860675],[0.69591898,-0.58264672,-0.41978515,-0.35016801],[0.00000000,0.00000000,0.00000000,1.00000000]]","center_3d":"[2.22213050,-1.12677018,0.11049691]","nearest_3d":"[1.48780084,0.28232175,0.35056165]","type":"wall-front"},"1":{"unique_id":"6bf6ba00-ad0a-41f3-bf50-55902e6edfcc","ros_timestamp":"1681734489.790433073","T_map_cam":"[[-0.68408420,-0.71570356,-0.14070257,0.03439624],[-0.21846184,0.38508598,-0.89665111,0.37860675],[0.69591898,-0.58264672,-0.41978515,-0.35016801],[0.00000000,0.00000000,0.00000000,1.00000000]]","center_3d":"[0.66319675,-3.32045604,-0.01717276]","nearest_3d":"[-0.56343234,-1.09576607,0.18890154]","type":"wall-back"},"2":{"unique_id":"8893a9f0-be0d-4568-8520-39aef108a879","ros_timestamp":"1681734489.790433073","T_map_cam":"[[-0.68408420,-0.71570356,-0.14070257,0.03439624],[-0.21846184,0.38508598,-0.89665111,0.37860675],[0.69591898,-0.58264672,-0.41978515,-0.35016801],[0.00000000,0.00000000,0.00000000,1.00000000]]","center_3d":"[3.05107828,-2.47924247,0.42885094]","nearest_3d":"[1.42260027,-0.85849082,-0.42550540]","type":"obstacle"}}