{"0":{"unique_id":"d3e44c72-a074-480b-8019-88964922f177","ros_timestamp":"1681734496.174337975","T_map_cam":"[[-0.98125845,-0.18060864,-0.06717424,0.19435486],[0.03002606,0.20103450,-0.97912388,0.44207953],[0.19034257,-0.96279055,-0.19184383,-0.53102180],[0.00000000,0.00000000,0.00000000,1.00000000]]","center_3d":"[2.22213050,-1.12677018,0.11049691]","nearest_3d":"[1.64570177,-0.10871892,0.44846454]","type":"wall-front"},"1":{"unique_id":"6bf6ba00-ad0a-41f3-bf50-55902e6edfcc","ros_timestamp":"1681734496.174337975","T_map_cam":"[[-0.98125845,-0.18060864,-0.06717424,0.19435486],[0.03002606,0.20103450,-0.97912388,0.44207953],[0.19034257,-0.96279055,-0.19184383,-0.53102180],[0.00000000,0.00000000,0.00000000,1.00000000]]","center_3d":"[0.66319675,-3.32045604,-0.01717276]","nearest_3d":"[-0.55463541,-1.11057436,0.32707268]","type":"wall-back"},"2":{"unique_id":"8893a9f0-be0d-4568-8520-39aef108a879","ros_timestamp":"1681734496.174337975","T_map_cam":"[[-0.98125845,-0.18060864,-0.06717424,0.19435486],[0.03002606,0.20103450,-0.97912388,0.44207953],[0.19034257,-0.96279055,-0.19184383,-0.53102180],[0.00000000,0.00000000,0.00000000,1.00000000]]","center_3d":"[3.05107828,-2.47924247,0.42885094]","nearest_3d":"[1.42260027,-0.85849082,-0.42550540]","type":"obstacle"}}