{"0":{"unique_id":"d3e44c72-a074-480b-8019-88964922f177","ros_timestamp":"1681734496.506910564","T_map_cam":"[[-0.98003874,-0.19191475,-0.05189211,0.19070342],[0.01404876,0.19351143,-0.98099743,0.45477903],[0.19830959,-0.96214451,-0.18695254,-0.53214702],[0.00000000,0.00000000,0.00000000,1.00000000]]","center_3d":"[2.22213050,-1.12677018,0.11049691]","nearest_3d":"[1.64570177,-0.10871892,0.44846454]","type":"wall-front"},"1":{"unique_id":"6bf6ba00-ad0a-41f3-bf50-55902e6edfcc","ros_timestamp":"1681734496.506910564","T_map_cam":"[[-0.98003874,-0.19191475,-0.05189211,0.19070342],[0.01404876,0.19351143,-0.98099743,0.45477903],[0.19830959,-0.96214451,-0.18695254,-0.53214702],[0.00000000,0.00000000,0.00000000,1.00000000]]","center_3d":"[0.66319675,-3.32045604,-0.01717276]","nearest_3d":"[-0.55463541,-1.11057436,0.32707268]","type":"wall-back"},"2":{"unique_id":"8893a9f0-be0d-4568-8520-39aef108a879","ros_timestamp":"1681734496.506910564","T_map_cam":"[[-0.98003874,-0.19191475,-0.05189211,0.19070342],[0.01404876,0.19351143,-0.98099743,0.45477903],[0.19830959,-0.96214451,-0.18695254,-0.53214702],[0.00000000,0.00000000,0.00000000,1.00000000]]","center_3d":"[3.05107828,-2.47924247,0.42885094]","nearest_3d":"[1.42260027,-0.85849082,-0.42550540]","type":"obstacle"}}