{"0":{"unique_id":"f48a991d-9fab-4511-9dfa-d61e5826e3f9","ros_timestamp":"1681734489.653699246","T_map_cam":"[[-0.68408420,-0.71570356,-0.14070257,0.03439624],[-0.21846184,0.38508598,-0.89665111,0.37860675],[0.69591898,-0.58264672,-0.41978515,-0.35016801],[0.00000000,0.00000000,0.00000000,1.00000000]]","center_3d":"[2.45633444,-1.66062498,-0.02308152]","nearest_3d":"[1.49041629,0.28232622,0.34625831]","type":"wall-front"},"1":{"unique_id":"b0a526f0-b9b5-4d6b-a36c-47521db7321a","ros_timestamp":"1681734489.653699246","T_map_cam":"[[-0.68408420,-0.71570356,-0.14070257,0.03439624],[-0.21846184,0.38508598,-0.89665111,0.37860675],[0.69591898,-0.58264672,-0.41978515,-0.35016801],[0.00000000,0.00000000,0.00000000,1.00000000]]","center_3d":"[0.59030645,-3.10803064,-0.16094725]","nearest_3d":"[-0.53863013,-1.14115584,0.15615864]","type":"wall-back"},"2":{"unique_id":"d91e654a-9d74-41b8-9c47-1d6a5a448207","ros_timestamp":"1681734489.653699246","T_map_cam":"[[-0.68408420,-0.71570356,-0.14070257,0.03439624],[-0.21846184,0.38508598,-0.89665111,0.37860675],[0.69591898,-0.58264672,-0.41978515,-0.35016801],[0.00000000,0.00000000,0.00000000,1.00000000]]","center_3d":"[1.64486628,-0.81278245,-0.38170768]","nearest_3d":"[1.37217307,-0.67243224,-0.46335760]","type":"obstacle"},"3":{"unique_id":"7c988dd4-ac09-4c03-a403-921afdb4a2b9","ros_timestamp":"1681734489.653699246","T_map_cam":"[[-0.68408420,-0.71570356,-0.14070257,0.03439624],[-0.21846184,0.38508598,-0.89665111,0.37860675],[0.69591898,-0.58264672,-0.41978515,-0.35016801],[0.00000000,0.00000000,0.00000000,1.00000000]]","center_3d":"[0.72729452,-3.34307207,-0.07992078]","nearest_3d":"[-0.34637001,-1.44197273,-0.55409247]","type":"obstacle"}}