{"0":{"unique_id":"f48a991d-9fab-4511-9dfa-d61e5826e3f9","ros_timestamp":"1681734497.420326188","T_map_cam":"[[-0.99057833,-0.13634836,-0.01279469,0.29910612],[-0.01258449,0.18366147,-0.98290900,0.50631305],[0.13636792,-0.97348733,-0.18364695,-0.54190695],[0.00000000,0.00000000,0.00000000,1.00000000]]","center_3d":"[2.45633444,-1.66062498,-0.02308152]","nearest_3d":"[1.59426355,-0.02312916,0.46197742]","type":"wall-front"},"1":{"unique_id":"b0a526f0-b9b5-4d6b-a36c-47521db7321a","ros_timestamp":"1681734497.420326188","T_map_cam":"[[-0.99057833,-0.13634836,-0.01279469,0.29910612],[-0.01258449,0.18366147,-0.98290900,0.50631305],[0.13636792,-0.97348733,-0.18364695,-0.54190695],[0.00000000,0.00000000,0.00000000,1.00000000]]","center_3d":"[0.59030645,-3.10803064,-0.16094725]","nearest_3d":"[-0.45573199,-1.28853667,0.37656960]","type":"wall-back"},"2":{"unique_id":"d91e654a-9d74-41b8-9c47-1d6a5a448207","ros_timestamp":"1681734497.420326188","T_map_cam":"[[-0.99057833,-0.13634836,-0.01279469,0.29910612],[-0.01258449,0.18366147,-0.98290900,0.50631305],[0.13636792,-0.97348733,-0.18364695,-0.54190695],[0.00000000,0.00000000,0.00000000,1.00000000]]","center_3d":"[1.60714434,-0.81919434,-0.40438244]","nearest_3d":"[1.29556835,-0.69968086,-0.45450050]","type":"obstacle"}}