{"0":{"unique_id":"f48a991d-9fab-4511-9dfa-d61e5826e3f9","ros_timestamp":"1681734497.743176855","T_map_cam":"[[-0.99525522,-0.09636951,-0.01341536,0.35327791],[0.00001610,0.13771488,-0.99047191,0.49005037],[0.09729878,-0.98577256,-0.13705990,-0.52380239],[0.00000000,0.00000000,0.00000000,1.00000000]]","center_3d":"[2.45633444,-1.66062498,-0.02308152]","nearest_3d":"[1.59426355,-0.02312916,0.46197742]","type":"wall-front"},"1":{"unique_id":"b0a526f0-b9b5-4d6b-a36c-47521db7321a","ros_timestamp":"1681734497.743176855","T_map_cam":"[[-0.99525522,-0.09636951,-0.01341536,0.35327791],[0.00001610,0.13771488,-0.99047191,0.49005037],[0.09729878,-0.98577256,-0.13705990,-0.52380239],[0.00000000,0.00000000,0.00000000,1.00000000]]","center_3d":"[0.59030645,-3.10803064,-0.16094725]","nearest_3d":"[-0.45573199,-1.28853667,0.37656960]","type":"wall-back"},"2":{"unique_id":"d91e654a-9d74-41b8-9c47-1d6a5a448207","ros_timestamp":"1681734497.743176855","T_map_cam":"[[-0.99525522,-0.09636951,-0.01341536,0.35327791],[0.00001610,0.13771488,-0.99047191,0.49005037],[0.09729878,-0.98577256,-0.13705990,-0.52380239],[0.00000000,0.00000000,0.00000000,1.00000000]]","center_3d":"[1.60714434,-0.81919434,-0.40438244]","nearest_3d":"[1.29556835,-0.69968086,-0.45450050]","type":"obstacle"}}