{"0":{"unique_id":"f48a991d-9fab-4511-9dfa-d61e5826e3f9","ros_timestamp":"1681734498.398478653","T_map_cam":"[[-0.99981884,-0.01436783,-0.01248411,0.43025949],[0.01064894,0.12138701,-0.99254813,0.50070254],[0.01577617,-0.99250126,-0.12121202,-0.46326251],[0.00000000,0.00000000,0.00000000,1.00000000]]","center_3d":"[2.45633444,-1.66062498,-0.02308152]","nearest_3d":"[1.59426355,-0.02312916,0.46197742]","type":"wall-front"},"1":{"unique_id":"b0a526f0-b9b5-4d6b-a36c-47521db7321a","ros_timestamp":"1681734498.398478653","T_map_cam":"[[-0.99981884,-0.01436783,-0.01248411,0.43025949],[0.01064894,0.12138701,-0.99254813,0.50070254],[0.01577617,-0.99250126,-0.12121202,-0.46326251],[0.00000000,0.00000000,0.00000000,1.00000000]]","center_3d":"[0.59030645,-3.10803064,-0.16094725]","nearest_3d":"[-0.59080315,-1.08917427,0.53086233]","type":"wall-back"},"2":{"unique_id":"d91e654a-9d74-41b8-9c47-1d6a5a448207","ros_timestamp":"1681734498.398478653","T_map_cam":"[[-0.99981884,-0.01436783,-0.01248411,0.43025949],[0.01064894,0.12138701,-0.99254813,0.50070254],[0.01577617,-0.99250126,-0.12121202,-0.46326251],[0.00000000,0.00000000,0.00000000,1.00000000]]","center_3d":"[1.60714434,-0.81919434,-0.40438244]","nearest_3d":"[1.29556835,-0.69968086,-0.45450050]","type":"obstacle"}}