{"0":{"unique_id":"f48a991d-9fab-4511-9dfa-d61e5826e3f9","ros_timestamp":"1681734498.730871536","T_map_cam":"[[-0.99969853,0.02380778,-0.00600262,0.46410266],[0.00844554,0.10387611,-0.99455439,0.50885186],[-0.02305460,-0.99430526,-0.10404587,-0.41524663],[0.00000000,0.00000000,0.00000000,1.00000000]]","center_3d":"[2.45633444,-1.66062498,-0.02308152]","nearest_3d":"[1.59426355,-0.02312916,0.46197742]","type":"wall-front"},"1":{"unique_id":"b0a526f0-b9b5-4d6b-a36c-47521db7321a","ros_timestamp":"1681734498.730871536","T_map_cam":"[[-0.99969853,0.02380778,-0.00600262,0.46410266],[0.00844554,0.10387611,-0.99455439,0.50885186],[-0.02305460,-0.99430526,-0.10404587,-0.41524663],[0.00000000,0.00000000,0.00000000,1.00000000]]","center_3d":"[0.59030645,-3.10803064,-0.16094725]","nearest_3d":"[-0.57706308,-1.08717191,0.64179146]","type":"wall-back"},"2":{"unique_id":"d91e654a-9d74-41b8-9c47-1d6a5a448207","ros_timestamp":"1681734498.730871536","T_map_cam":"[[-0.99969853,0.02380778,-0.00600262,0.46410266],[0.00844554,0.10387611,-0.99455439,0.50885186],[-0.02305460,-0.99430526,-0.10404587,-0.41524663],[0.00000000,0.00000000,0.00000000,1.00000000]]","center_3d":"[1.60714434,-0.81919434,-0.40438244]","nearest_3d":"[1.29556835,-0.69968086,-0.45450050]","type":"obstacle"}}