{"0":{"unique_id":"f48a991d-9fab-4511-9dfa-d61e5826e3f9","ros_timestamp":"1681734499.73358728","T_map_cam":"[[-0.99812072,0.05787363,0.02014138,0.51331494],[-0.01596776,0.07169436,-0.99729883,0.52688205],[-0.05916133,-0.99574623,-0.07063552,-0.35419950],[0.00000000,0.00000000,0.00000000,1.00000000]]","center_3d":"[2.45633444,-1.66062498,-0.02308152]","nearest_3d":"[1.59426355,-0.02312916,0.46197742]","type":"wall-front"},"1":{"unique_id":"b0a526f0-b9b5-4d6b-a36c-47521db7321a","ros_timestamp":"1681734499.73358728","T_map_cam":"[[-0.99812072,0.05787363,0.02014138,0.51331494],[-0.01596776,0.07169436,-0.99729883,0.52688205],[-0.05916133,-0.99574623,-0.07063552,-0.35419950],[0.00000000,0.00000000,0.00000000,1.00000000]]","center_3d":"[0.59030645,-3.10803064,-0.16094725]","nearest_3d":"[-0.56383950,-1.07488489,0.74022889]","type":"wall-back"},"2":{"unique_id":"d91e654a-9d74-41b8-9c47-1d6a5a448207","ros_timestamp":"1681734499.73358728","T_map_cam":"[[-0.99812072,0.05787363,0.02014138,0.51331494],[-0.01596776,0.07169436,-0.99729883,0.52688205],[-0.05916133,-0.99574623,-0.07063552,-0.35419950],[0.00000000,0.00000000,0.00000000,1.00000000]]","center_3d":"[1.60714434,-0.81919434,-0.40438244]","nearest_3d":"[1.29556835,-0.69968086,-0.45450050]","type":"obstacle"}}