{"0":{"unique_id":"f48a991d-9fab-4511-9dfa-d61e5826e3f9","ros_timestamp":"1681734500.637095754","T_map_cam":"[[-0.96663623,0.25614567,0.00194652,0.78932079],[-0.00832032,-0.02380217,-0.99968206,0.60944554],[-0.25601790,-0.96634510,0.02513925,-0.09621608],[0.00000000,0.00000000,0.00000000,1.00000000]]","center_3d":"[2.45633444,-1.66062498,-0.02308152]","nearest_3d":"[1.59299076,-0.02872745,0.64847100]","type":"wall-front"},"1":{"unique_id":"b0a526f0-b9b5-4d6b-a36c-47521db7321a","ros_timestamp":"1681734500.637095754","T_map_cam":"[[-0.96663623,0.25614567,0.00194652,0.78932079],[-0.00832032,-0.02380217,-0.99968206,0.60944554],[-0.25601790,-0.96634510,0.02513925,-0.09621608],[0.00000000,0.00000000,0.00000000,1.00000000]]","center_3d":"[0.59030645,-3.10803064,-0.16094725]","nearest_3d":"[-0.60220629,-1.04642045,0.72642183]","type":"wall-back"},"2":{"unique_id":"d91e654a-9d74-41b8-9c47-1d6a5a448207","ros_timestamp":"1681734500.637095754","T_map_cam":"[[-0.96663623,0.25614567,0.00194652,0.78932079],[-0.00832032,-0.02380217,-0.99968206,0.60944554],[-0.25601790,-0.96634510,0.02513925,-0.09621608],[0.00000000,0.00000000,0.00000000,1.00000000]]","center_3d":"[1.59821047,-0.83365141,-0.38767439]","nearest_3d":"[1.36323643,-0.68519151,-0.38155809]","type":"obstacle"},"3":{"unique_id":"8778fb19-bce8-4b00-8be4-2058d0771509","ros_timestamp":"1681734500.637095754","T_map_cam":"[[-0.96663623,0.25614567,0.00194652,0.78932079],[-0.00832032,-0.02380217,-0.99968206,0.60944554],[-0.25601790,-0.96634510,0.02513925,-0.09621608],[0.00000000,0.00000000,0.00000000,1.00000000]]","center_3d":"[2.54503261,-1.49659332,0.38932798]","nearest_3d":"[2.42103863,-1.24446571,0.25192738]","type":"obstacle"}}