{"0":{"unique_id":"f48a991d-9fab-4511-9dfa-d61e5826e3f9","ros_timestamp":"1681734505.204503229","T_map_cam":"[[-0.99880713,-0.00264500,-0.04875786,0.68511335],[0.04622076,-0.37322706,-0.92658794,0.68397236],[-0.01574693,-0.92773626,0.37290410,-0.21862621],[0.00000000,0.00000000,0.00000000,1.00000000]]","center_3d":"[2.45633444,-1.66062498,-0.02308152]","nearest_3d":"[1.42291689,0.41822585,0.73146480]","type":"wall-front"},"1":{"unique_id":"b0a526f0-b9b5-4d6b-a36c-47521db7321a","ros_timestamp":"1681734505.204503229","T_map_cam":"[[-0.99880713,-0.00264500,-0.04875786,0.68511335],[0.04622076,-0.37322706,-0.92658794,0.68397236],[-0.01574693,-0.92773626,0.37290410,-0.21862621],[0.00000000,0.00000000,0.00000000,1.00000000]]","center_3d":"[0.59030645,-3.10803064,-0.16094725]","nearest_3d":"[-0.60220629,-1.04642045,0.72642183]","type":"wall-back"},"2":{"unique_id":"d91e654a-9d74-41b8-9c47-1d6a5a448207","ros_timestamp":"1681734505.204503229","T_map_cam":"[[-0.99880713,-0.00264500,-0.04875786,0.68511335],[0.04622076,-0.37322706,-0.92658794,0.68397236],[-0.01574693,-0.92773626,0.37290410,-0.21862621],[0.00000000,0.00000000,0.00000000,1.00000000]]","center_3d":"[1.60574188,-0.83808302,-0.38277698]","nearest_3d":"[1.72644770,-0.58350068,-0.08335229]","type":"obstacle"}}