{"0":{"unique_id":"f48a991d-9fab-4511-9dfa-d61e5826e3f9","ros_timestamp":"1681734508.203865895","T_map_cam":"[[-0.77187288,-0.62469518,-0.11818710,0.30946902],[0.37075250,-0.29125723,-0.88187970,0.57953528],[0.51648316,-0.72451718,0.45642086,-0.41306683],[0.00000000,0.00000000,0.00000000,1.00000000]]","center_3d":"[2.45633444,-1.66062498,-0.02308152]","nearest_3d":"[1.36051404,0.54612488,0.66083795]","type":"wall-front"},"1":{"unique_id":"b0a526f0-b9b5-4d6b-a36c-47521db7321a","ros_timestamp":"1681734508.203865895","T_map_cam":"[[-0.77187288,-0.62469518,-0.11818710,0.30946902],[0.37075250,-0.29125723,-0.88187970,0.57953528],[0.51648316,-0.72451718,0.45642086,-0.41306683],[0.00000000,0.00000000,0.00000000,1.00000000]]","center_3d":"[0.59030645,-3.10803064,-0.16094725]","nearest_3d":"[-0.60220629,-1.04642045,0.72642183]","type":"wall-back"},"2":{"unique_id":"d91e654a-9d74-41b8-9c47-1d6a5a448207","ros_timestamp":"1681734508.203865895","T_map_cam":"[[-0.77187288,-0.62469518,-0.11818710,0.30946902],[0.37075250,-0.29125723,-0.88187970,0.57953528],[0.51648316,-0.72451718,0.45642086,-0.41306683],[0.00000000,0.00000000,0.00000000,1.00000000]]","center_3d":"[1.65082288,-0.80063616,-0.36740365]","nearest_3d":"[1.39499116,-0.68287078,-0.37480880]","type":"obstacle"}}