{"0":{"unique_id":"f48a991d-9fab-4511-9dfa-d61e5826e3f9","ros_timestamp":"1681734529.553974286","T_map_cam":"[[-0.97579508,-0.21457877,-0.04218891,0.38041222],[-0.01090435,0.24042117,-0.97060742,0.29841615],[0.21841486,-0.94665390,-0.23694164,0.41548040],[0.00000000,0.00000000,0.00000000,1.00000000]]","center_3d":"[2.45633444,-1.66062498,-0.02308152]","nearest_3d":"[1.19507873,0.78837597,0.66752720]","type":"wall-front"},"1":{"unique_id":"b0a526f0-b9b5-4d6b-a36c-47521db7321a","ros_timestamp":"1681734529.553974286","T_map_cam":"[[-0.97579508,-0.21457877,-0.04218891,0.38041222],[-0.01090435,0.24042117,-0.97060742,0.29841615],[0.21841486,-0.94665390,-0.23694164,0.41548040],[0.00000000,0.00000000,0.00000000,1.00000000]]","center_3d":"[0.59030645,-3.10803064,-0.16094725]","nearest_3d":"[-0.60757905,-1.06472564,0.66873807]","type":"wall-back"},"2":{"unique_id":"d91e654a-9d74-41b8-9c47-1d6a5a448207","ros_timestamp":"1681734529.553974286","T_map_cam":"[[-0.97579508,-0.21457877,-0.04218891,0.38041222],[-0.01090435,0.24042117,-0.97060742,0.29841615],[0.21841486,-0.94665390,-0.23694164,0.41548040],[0.00000000,0.00000000,0.00000000,1.00000000]]","center_3d":"[1.70510810,-0.85309050,-0.36904132]","nearest_3d":"[1.45222342,-0.74610329,-0.38402155]","type":"obstacle"}}