{"0":{"unique_id":"f48a991d-9fab-4511-9dfa-d61e5826e3f9","ros_timestamp":"1681734531.715195218","T_map_cam":"[[-0.99282743,-0.11118138,-0.04395907,0.41842097],[0.03318979,0.09692306,-0.99473834,0.42724121],[0.11485703,-0.98906250,-0.09253779,-0.03822946],[0.00000000,0.00000000,0.00000000,1.00000000]]","center_3d":"[2.45633444,-1.66062498,-0.02308152]","nearest_3d":"[1.37008452,0.35061142,0.55198640]","type":"wall-front"},"1":{"unique_id":"b0a526f0-b9b5-4d6b-a36c-47521db7321a","ros_timestamp":"1681734531.715195218","T_map_cam":"[[-0.99282743,-0.11118138,-0.04395907,0.41842097],[0.03318979,0.09692306,-0.99473834,0.42724121],[0.11485703,-0.98906250,-0.09253779,-0.03822946],[0.00000000,0.00000000,0.00000000,1.00000000]]","center_3d":"[0.59030645,-3.10803064,-0.16094725]","nearest_3d":"[-0.60757905,-1.06472564,0.66873807]","type":"wall-back"},"2":{"unique_id":"d91e654a-9d74-41b8-9c47-1d6a5a448207","ros_timestamp":"1681734531.715195218","T_map_cam":"[[-0.99282743,-0.11118138,-0.04395907,0.41842097],[0.03318979,0.09692306,-0.99473834,0.42724121],[0.11485703,-0.98906250,-0.09253779,-0.03822946],[0.00000000,0.00000000,0.00000000,1.00000000]]","center_3d":"[1.70510810,-0.85309050,-0.36904132]","nearest_3d":"[1.45222342,-0.74610329,-0.38402155]","type":"obstacle"}}