{"0":{"unique_id":"f48a991d-9fab-4511-9dfa-d61e5826e3f9","ros_timestamp":"1681734534.555831201","T_map_cam":"[[-0.97400087,-0.22408162,-0.03331258,0.37490322],[0.03121223,0.01290973,-0.99942941,0.43739497],[0.22438382,-0.97448487,-0.00558001,-0.18937033],[0.00000000,0.00000000,0.00000000,1.00000000]]","center_3d":"[2.45633444,-1.66062498,-0.02308152]","nearest_3d":"[1.39033389,0.27357185,0.60257983]","type":"wall-front"},"1":{"unique_id":"b0a526f0-b9b5-4d6b-a36c-47521db7321a","ros_timestamp":"1681734534.555831201","T_map_cam":"[[-0.97400087,-0.22408162,-0.03331258,0.37490322],[0.03121223,0.01290973,-0.99942941,0.43739497],[0.22438382,-0.97448487,-0.00558001,-0.18937033],[0.00000000,0.00000000,0.00000000,1.00000000]]","center_3d":"[0.59030645,-3.10803064,-0.16094725]","nearest_3d":"[-0.61401987,-0.99186689,0.79549962]","type":"wall-back"},"2":{"unique_id":"d91e654a-9d74-41b8-9c47-1d6a5a448207","ros_timestamp":"1681734534.555831201","T_map_cam":"[[-0.97400087,-0.22408162,-0.03331258,0.37490322],[0.03121223,0.01290973,-0.99942941,0.43739497],[0.22438382,-0.97448487,-0.00558001,-0.18937033],[0.00000000,0.00000000,0.00000000,1.00000000]]","center_3d":"[1.70510810,-0.85309050,-0.36904132]","nearest_3d":"[1.45222342,-0.74610329,-0.38402155]","type":"obstacle"},"3":{"unique_id":"58e9459b-d031-4402-9b5c-24604d7fc575","ros_timestamp":"1681734534.555831201","T_map_cam":"[[-0.97400087,-0.22408162,-0.03331258,0.37490322],[0.03121223,0.01290973,-0.99942941,0.43739497],[0.22438382,-0.97448487,-0.00558001,-0.18937033],[0.00000000,0.00000000,0.00000000,1.00000000]]","center_3d":"[2.17263071,-2.54463763,0.93534024]","nearest_3d":"[1.72948050,0.16297989,0.38537163]","type":"obstacle"}}