{"0":{"unique_id":"f48a991d-9fab-4511-9dfa-d61e5826e3f9","ros_timestamp":"1681734537.40283223","T_map_cam":"[[-0.93086558,-0.36525641,-0.00877651,0.34298248],[0.03087442,-0.05470336,-0.99802521,0.00092455],[0.36405500,-0.92929828,0.06219855,-0.44402484],[0.00000000,0.00000000,0.00000000,1.00000000]]","center_3d":"[2.45633444,-1.66062498,-0.02308152]","nearest_3d":"[1.48855519,0.17358412,0.17462219]","type":"wall-front"},"1":{"unique_id":"b0a526f0-b9b5-4d6b-a36c-47521db7321a","ros_timestamp":"1681734537.40283223","T_map_cam":"[[-0.93086558,-0.36525641,-0.00877651,0.34298248],[0.03087442,-0.05470336,-0.99802521,0.00092455],[0.36405500,-0.92929828,0.06219855,-0.44402484],[0.00000000,0.00000000,0.00000000,1.00000000]]","center_3d":"[0.59030645,-3.10803064,-0.16094725]","nearest_3d":"[-0.63913774,-1.06550515,0.24946760]","type":"wall-back"},"2":{"unique_id":"d91e654a-9d74-41b8-9c47-1d6a5a448207","ros_timestamp":"1681734537.40283223","T_map_cam":"[[-0.93086558,-0.36525641,-0.00877651,0.34298248],[0.03087442,-0.05470336,-0.99802521,0.00092455],[0.36405500,-0.92929828,0.06219855,-0.44402484],[0.00000000,0.00000000,0.00000000,1.00000000]]","center_3d":"[1.70510810,-0.85309050,-0.36904132]","nearest_3d":"[1.45222342,-0.74610329,-0.38402155]","type":"obstacle"},"3":{"unique_id":"58e9459b-d031-4402-9b5c-24604d7fc575","ros_timestamp":"1681734537.40283223","T_map_cam":"[[-0.93086558,-0.36525641,-0.00877651,0.34298248],[0.03087442,-0.05470336,-0.99802521,0.00092455],[0.36405500,-0.92929828,0.06219855,-0.44402484],[0.00000000,0.00000000,0.00000000,1.00000000]]","center_3d":"[2.13713629,-2.57651341,0.96652908]","nearest_3d":"[1.28877664,-0.76291925,-0.42559998]","type":"obstacle"}}