{"0":{"unique_id":"f48a991d-9fab-4511-9dfa-d61e5826e3f9","ros_timestamp":"1681734473.612160913","T_map_cam":"[[-0.98890522,-0.12158998,-0.08533666,0.30712858],[0.05295702,0.24816272,-0.96726978,0.14890532],[0.13878769,-0.96105731,-0.23897036,0.27712679],[0.00000000,0.00000000,0.00000000,1.00000000]]","center_3d":"[2.45633444,-1.66062498,-0.02308152]","nearest_3d":"[1.27753997,0.70477164,0.24484998]","type":"wall-front"},"1":{"unique_id":"d91e654a-9d74-41b8-9c47-1d6a5a448207","ros_timestamp":"1681734473.612160913","T_map_cam":"[[-0.98890522,-0.12158998,-0.08533666,0.30712858],[0.05295702,0.24816272,-0.96726978,0.14890532],[0.13878769,-0.96105731,-0.23897036,0.27712679],[0.00000000,0.00000000,0.00000000,1.00000000]]","center_3d":"[1.63508568,-0.83845764,-0.39546842]","nearest_3d":"[1.35994923,-0.66342717,-0.47087738]","type":"obstacle"},"2":{"unique_id":"7c988dd4-ac09-4c03-a403-921afdb4a2b9","ros_timestamp":"1681734473.612160913","T_map_cam":"[[-0.98890522,-0.12158998,-0.08533666,0.30712858],[0.05295702,0.24816272,-0.96726978,0.14890532],[0.13878769,-0.96105731,-0.23897036,0.27712679],[0.00000000,0.00000000,0.00000000,1.00000000]]","center_3d":"[0.54607002,-3.14271481,-0.07234278]","nearest_3d":"[-0.28295925,-1.57709575,0.28186756]","type":"obstacle"}}