{"0":{"unique_id":"f48a991d-9fab-4511-9dfa-d61e5826e3f9","ros_timestamp":"1681734476.298996170","T_map_cam":"[[-0.99324889,0.11224713,-0.02927847,0.33162262],[0.04119970,0.10540297,-0.99357576,0.30995167],[-0.10843999,-0.98807429,-0.10931593,0.16303138],[0.00000000,0.00000000,0.00000000,1.00000000]]","center_3d":"[2.45633444,-1.66062498,-0.02308152]","nearest_3d":"[1.28718770,0.68146932,0.34923485]","type":"wall-front"},"1":{"unique_id":"d91e654a-9d74-41b8-9c47-1d6a5a448207","ros_timestamp":"1681734476.298996170","T_map_cam":"[[-0.99324889,0.11224713,-0.02927847,0.33162262],[0.04119970,0.10540297,-0.99357576,0.30995167],[-0.10843999,-0.98807429,-0.10931593,0.16303138],[0.00000000,0.00000000,0.00000000,1.00000000]]","center_3d":"[1.64105250,-0.83961004,-0.39129960]","nearest_3d":"[1.35994947,-0.66342717,-0.47087732]","type":"obstacle"},"2":{"unique_id":"7c988dd4-ac09-4c03-a403-921afdb4a2b9","ros_timestamp":"1681734476.298996170","T_map_cam":"[[-0.99324889,0.11224713,-0.02927847,0.33162262],[0.04119970,0.10540297,-0.99357576,0.30995167],[-0.10843999,-0.98807429,-0.10931593,0.16303138],[0.00000000,0.00000000,0.00000000,1.00000000]]","center_3d":"[0.63439839,-3.19594829,-0.07982196]","nearest_3d":"[-0.26223931,-1.55434799,0.25874463]","type":"obstacle"}}