{"0":{"unique_id":"f48a991d-9fab-4511-9dfa-d61e5826e3f9","ros_timestamp":"1681734476.924469957","T_map_cam":"[[-0.99531217,0.08825535,-0.03955598,0.35216026],[0.04550237,0.06641512,-0.99675401,0.35230494],[-0.08534176,-0.99388129,-0.07011961,0.20502634],[0.00000000,0.00000000,0.00000000,1.00000000]]","center_3d":"[2.45633444,-1.66062498,-0.02308152]","nearest_3d":"[1.29326928,0.66358960,0.44954115]","type":"wall-front"},"1":{"unique_id":"d91e654a-9d74-41b8-9c47-1d6a5a448207","ros_timestamp":"1681734476.924469957","T_map_cam":"[[-0.99531217,0.08825535,-0.03955598,0.35216026],[0.04550237,0.06641512,-0.99675401,0.35230494],[-0.08534176,-0.99388129,-0.07011961,0.20502634],[0.00000000,0.00000000,0.00000000,1.00000000]]","center_3d":"[1.64105250,-0.83961004,-0.39129960]","nearest_3d":"[1.35994947,-0.66342717,-0.47087732]","type":"obstacle"},"2":{"unique_id":"7c988dd4-ac09-4c03-a403-921afdb4a2b9","ros_timestamp":"1681734476.924469957","T_map_cam":"[[-0.99531217,0.08825535,-0.03955598,0.35216026],[0.04550237,0.06641512,-0.99675401,0.35230494],[-0.08534176,-0.99388129,-0.07011961,0.20502634],[0.00000000,0.00000000,0.00000000,1.00000000]]","center_3d":"[0.63439839,-3.19594829,-0.07982196]","nearest_3d":"[-0.26323912,-1.55746496,0.35936081]","type":"obstacle"}}