{"0":{"unique_id":"f48a991d-9fab-4511-9dfa-d61e5826e3f9","ros_timestamp":"1681734477.358345420","T_map_cam":"[[-0.99850343,0.01664645,-0.05209419,0.35759355],[0.05271406,0.03926624,-0.99783736,0.36960560],[-0.01456490,-0.99909011,-0.04008498,0.24076573],[0.00000000,0.00000000,0.00000000,1.00000000]]","center_3d":"[2.45633444,-1.66062498,-0.02308152]","nearest_3d":"[1.29326928,0.66358960,0.44954115]","type":"wall-front"},"1":{"unique_id":"d91e654a-9d74-41b8-9c47-1d6a5a448207","ros_timestamp":"1681734477.358345420","T_map_cam":"[[-0.99850343,0.01664645,-0.05209419,0.35759355],[0.05271406,0.03926624,-0.99783736,0.36960560],[-0.01456490,-0.99909011,-0.04008498,0.24076573],[0.00000000,0.00000000,0.00000000,1.00000000]]","center_3d":"[1.64105250,-0.83961004,-0.39129960]","nearest_3d":"[1.35994947,-0.66342717,-0.47087732]","type":"obstacle"},"2":{"unique_id":"7c988dd4-ac09-4c03-a403-921afdb4a2b9","ros_timestamp":"1681734477.358345420","T_map_cam":"[[-0.99850343,0.01664645,-0.05209419,0.35759355],[0.05271406,0.03926624,-0.99783736,0.36960560],[-0.01456490,-0.99909011,-0.04008498,0.24076573],[0.00000000,0.00000000,0.00000000,1.00000000]]","center_3d":"[0.63439839,-3.19594829,-0.07982196]","nearest_3d":"[-0.26323912,-1.55746496,0.35936081]","type":"obstacle"}}