{"0":{"unique_id":"f48a991d-9fab-4511-9dfa-d61e5826e3f9","ros_timestamp":"1681734479.810727288","T_map_cam":"[[-0.93305581,-0.34334531,-0.10733524,0.46286109],[-0.02806199,0.36693704,-0.92982242,0.18142715],[0.35863544,-0.86456417,-0.35200769,0.08602087],[0.00000000,0.00000000,0.00000000,1.00000000]]","center_3d":"[2.45633444,-1.66062498,-0.02308152]","nearest_3d":"[1.28692818,0.68264425,0.25098425]","type":"wall-front"},"1":{"unique_id":"b0a526f0-b9b5-4d6b-a36c-47521db7321a","ros_timestamp":"1681734479.810727288","T_map_cam":"[[-0.93305581,-0.34334531,-0.10733524,0.46286109],[-0.02806199,0.36693704,-0.92982242,0.18142715],[0.35863544,-0.86456417,-0.35200769,0.08602087],[0.00000000,0.00000000,0.00000000,1.00000000]]","center_3d":"[0.59030645,-3.10803064,-0.16094725]","nearest_3d":"[-0.55749923,-1.09729743,0.49514991]","type":"wall-back"},"2":{"unique_id":"d91e654a-9d74-41b8-9c47-1d6a5a448207","ros_timestamp":"1681734479.810727288","T_map_cam":"[[-0.93305581,-0.34334531,-0.10733524,0.46286109],[-0.02806199,0.36693704,-0.92982242,0.18142715],[0.35863544,-0.86456417,-0.35200769,0.08602087],[0.00000000,0.00000000,0.00000000,1.00000000]]","center_3d":"[1.67173813,-0.82198148,-0.37202677]","nearest_3d":"[1.35994947,-0.66342717,-0.47087732]","type":"obstacle"},"3":{"unique_id":"7c988dd4-ac09-4c03-a403-921afdb4a2b9","ros_timestamp":"1681734479.810727288","T_map_cam":"[[-0.93305581,-0.34334531,-0.10733524,0.46286109],[-0.02806199,0.36693704,-0.92982242,0.18142715],[0.35863544,-0.86456417,-0.35200769,0.08602087],[0.00000000,0.00000000,0.00000000,1.00000000]]","center_3d":"[0.72729452,-3.34307207,-0.07992078]","nearest_3d":"[-0.40130663,-1.35600555,-0.64357582]","type":"obstacle"}}