{"0":{"unique_id":"f48a991d-9fab-4511-9dfa-d61e5826e3f9","ros_timestamp":"1681734484.409278616","T_map_cam":"[[-0.50179832,-0.84727083,-0.17415678,0.18930614],[-0.16932033,0.29366095,-0.94079428,0.31433070],[0.84825060,-0.44260070,-0.29081875,-0.23572180],[0.00000000,0.00000000,0.00000000,1.00000000]]","center_3d":"[2.45633444,-1.66062498,-0.02308152]","nearest_3d":"[1.39355564,0.48326963,0.35159650]","type":"wall-front"},"1":{"unique_id":"b0a526f0-b9b5-4d6b-a36c-47521db7321a","ros_timestamp":"1681734484.409278616","T_map_cam":"[[-0.50179832,-0.84727083,-0.17415678,0.18930614],[-0.16932033,0.29366095,-0.94079428,0.31433070],[0.84825060,-0.44260070,-0.29081875,-0.23572180],[0.00000000,0.00000000,0.00000000,1.00000000]]","center_3d":"[0.59030645,-3.10803064,-0.16094725]","nearest_3d":"[-0.55749923,-1.09729743,0.49514991]","type":"wall-back"},"2":{"unique_id":"d91e654a-9d74-41b8-9c47-1d6a5a448207","ros_timestamp":"1681734484.409278616","T_map_cam":"[[-0.50179832,-0.84727083,-0.17415678,0.18930614],[-0.16932033,0.29366095,-0.94079428,0.31433070],[0.84825060,-0.44260070,-0.29081875,-0.23572180],[0.00000000,0.00000000,0.00000000,1.00000000]]","center_3d":"[1.64486628,-0.81278245,-0.38170768]","nearest_3d":"[1.37217307,-0.67243224,-0.46335760]","type":"obstacle"},"3":{"unique_id":"7c988dd4-ac09-4c03-a403-921afdb4a2b9","ros_timestamp":"1681734484.409278616","T_map_cam":"[[-0.50179832,-0.84727083,-0.17415678,0.18930614],[-0.16932033,0.29366095,-0.94079428,0.31433070],[0.84825060,-0.44260070,-0.29081875,-0.23572180],[0.00000000,0.00000000,0.00000000,1.00000000]]","center_3d":"[0.72729452,-3.34307207,-0.07992078]","nearest_3d":"[-0.40130663,-1.35600555,-0.64357582]","type":"obstacle"}}