{"0":{"unique_id":"f48a991d-9fab-4511-9dfa-d61e5826e3f9","ros_timestamp":"1681734492.159942872","T_map_cam":"[[-0.89362786,-0.43335824,-0.11674705,0.23556555],[-0.04248562,0.34063982,-0.93923346,0.49458029],[0.44679326,-0.83436512,-0.32281673,-0.55327522],[0.00000000,0.00000000,0.00000000,1.00000000]]","center_3d":"[2.45633444,-1.66062498,-0.02308152]","nearest_3d":"[1.59426355,-0.02312916,0.46197742]","type":"wall-front"},"1":{"unique_id":"b0a526f0-b9b5-4d6b-a36c-47521db7321a","ros_timestamp":"1681734492.159942872","T_map_cam":"[[-0.89362786,-0.43335824,-0.11674705,0.23556555],[-0.04248562,0.34063982,-0.93923346,0.49458029],[0.44679326,-0.83436512,-0.32281673,-0.55327522],[0.00000000,0.00000000,0.00000000,1.00000000]]","center_3d":"[0.59030645,-3.10803064,-0.16094725]","nearest_3d":"[-0.45573199,-1.28853667,0.37656960]","type":"wall-back"},"2":{"unique_id":"d91e654a-9d74-41b8-9c47-1d6a5a448207","ros_timestamp":"1681734492.159942872","T_map_cam":"[[-0.89362786,-0.43335824,-0.11674705,0.23556555],[-0.04248562,0.34063982,-0.93923346,0.49458029],[0.44679326,-0.83436512,-0.32281673,-0.55327522],[0.00000000,0.00000000,0.00000000,1.00000000]]","center_3d":"[1.61222157,-0.82225214,-0.39864314]","nearest_3d":"[1.29133463,-0.69946861,-0.47823876]","type":"obstacle"}}