{"0":{"unique_id":"f48a991d-9fab-4511-9dfa-d61e5826e3f9","ros_timestamp":"1681734494.76534755","T_map_cam":"[[-0.93715145,-0.34664352,-0.03981745,0.13815925],[-0.06081661,0.27464528,-0.95962040,0.47221733],[0.34358186,-0.89688809,-0.27846591,-0.55466283],[0.00000000,0.00000000,0.00000000,1.00000000]]","center_3d":"[2.45633444,-1.66062498,-0.02308152]","nearest_3d":"[1.59426355,-0.02312916,0.46197742]","type":"wall-front"},"1":{"unique_id":"b0a526f0-b9b5-4d6b-a36c-47521db7321a","ros_timestamp":"1681734494.76534755","T_map_cam":"[[-0.93715145,-0.34664352,-0.03981745,0.13815925],[-0.06081661,0.27464528,-0.95962040,0.47221733],[0.34358186,-0.89688809,-0.27846591,-0.55466283],[0.00000000,0.00000000,0.00000000,1.00000000]]","center_3d":"[0.59030645,-3.10803064,-0.16094725]","nearest_3d":"[-0.45573199,-1.28853667,0.37656960]","type":"wall-back"},"2":{"unique_id":"d91e654a-9d74-41b8-9c47-1d6a5a448207","ros_timestamp":"1681734494.76534755","T_map_cam":"[[-0.93715145,-0.34664352,-0.03981745,0.13815925],[-0.06081661,0.27464528,-0.95962040,0.47221733],[0.34358186,-0.89688809,-0.27846591,-0.55466283],[0.00000000,0.00000000,0.00000000,1.00000000]]","center_3d":"[1.60785789,-0.82534064,-0.40299370]","nearest_3d":"[1.29069054,-0.72636980,-0.45653039]","type":"obstacle"}}