{"0":{"unique_id":"f48a991d-9fab-4511-9dfa-d61e5826e3f9","ros_timestamp":"1681734494.368729477","T_map_cam":"[[-0.97565377,-0.21379237,-0.04891361,0.18377385],[-0.01585283,0.29119088,-0.95653362,0.46200358],[0.21874279,-0.93247021,-0.28749070,-0.51434284],[0.00000000,0.00000000,0.00000000,1.00000000]]","center_3d":"[2.45633444,-1.66062498,-0.02308152]","nearest_3d":"[1.59426355,-0.02312916,0.46197742]","type":"wall-front"},"1":{"unique_id":"b0a526f0-b9b5-4d6b-a36c-47521db7321a","ros_timestamp":"1681734494.368729477","T_map_cam":"[[-0.97565377,-0.21379237,-0.04891361,0.18377385],[-0.01585283,0.29119088,-0.95653362,0.46200358],[0.21874279,-0.93247021,-0.28749070,-0.51434284],[0.00000000,0.00000000,0.00000000,1.00000000]]","center_3d":"[0.59030645,-3.10803064,-0.16094725]","nearest_3d":"[-0.56587172,-1.15120387,0.27217367]","type":"wall-back"},"2":{"unique_id":"d91e654a-9d74-41b8-9c47-1d6a5a448207","ros_timestamp":"1681734494.368729477","T_map_cam":"[[-0.97565377,-0.21379237,-0.04891361,0.18377385],[-0.01585283,0.29119088,-0.95653362,0.46200358],[0.21874279,-0.93247021,-0.28749070,-0.51434284],[0.00000000,0.00000000,0.00000000,1.00000000]]","center_3d":"[1.60785789,-0.82534064,-0.40299370]","nearest_3d":"[1.29069054,-0.72636980,-0.45653039]","type":"obstacle"}}