{"0":{"unique_id":"f48a991d-9fab-4511-9dfa-d61e5826e3f9","ros_timestamp":"1681734495.353468214","T_map_cam":"[[-0.98450285,-0.15616884,-0.07978364,0.18668238],[0.03921673,0.24737137,-0.96812678,0.47480905],[0.17092743,-0.95625242,-0.23741339,-0.50916780],[0.00000000,0.00000000,0.00000000,1.00000000]]","center_3d":"[2.45633444,-1.66062498,-0.02308152]","nearest_3d":"[1.59426355,-0.02312916,0.46197742]","type":"wall-front"},"1":{"unique_id":"b0a526f0-b9b5-4d6b-a36c-47521db7321a","ros_timestamp":"1681734495.353468214","T_map_cam":"[[-0.98450285,-0.15616884,-0.07978364,0.18668238],[0.03921673,0.24737137,-0.96812678,0.47480905],[0.17092743,-0.95625242,-0.23741339,-0.50916780],[0.00000000,0.00000000,0.00000000,1.00000000]]","center_3d":"[0.59030645,-3.10803064,-0.16094725]","nearest_3d":"[-0.56669164,-1.15009928,0.36007527]","type":"wall-back"},"2":{"unique_id":"d91e654a-9d74-41b8-9c47-1d6a5a448207","ros_timestamp":"1681734495.353468214","T_map_cam":"[[-0.98450285,-0.15616884,-0.07978364,0.18668238],[0.03921673,0.24737137,-0.96812678,0.47480905],[0.17092743,-0.95625242,-0.23741339,-0.50916780],[0.00000000,0.00000000,0.00000000,1.00000000]]","center_3d":"[1.60785789,-0.82534064,-0.40299370]","nearest_3d":"[1.29069054,-0.72636980,-0.45653039]","type":"obstacle"}}