{"0":{"unique_id":"f48a991d-9fab-4511-9dfa-d61e5826e3f9","ros_timestamp":"1681734495.665734150","T_map_cam":"[[-0.98323882,-0.16209209,-0.08347197,0.18339216],[0.04199536,0.24417025,-0.96882262,0.47507360],[0.17741986,-0.95608945,-0.23327055,-0.51160974],[0.00000000,0.00000000,0.00000000,1.00000000]]","center_3d":"[2.45633444,-1.66062498,-0.02308152]","nearest_3d":"[1.59426355,-0.02312916,0.46197742]","type":"wall-front"},"1":{"unique_id":"b0a526f0-b9b5-4d6b-a36c-47521db7321a","ros_timestamp":"1681734495.665734150","T_map_cam":"[[-0.98323882,-0.16209209,-0.08347197,0.18339216],[0.04199536,0.24417025,-0.96882262,0.47507360],[0.17741986,-0.95608945,-0.23327055,-0.51160974],[0.00000000,0.00000000,0.00000000,1.00000000]]","center_3d":"[0.59030645,-3.10803064,-0.16094725]","nearest_3d":"[-0.56669164,-1.15009928,0.36007527]","type":"wall-back"},"2":{"unique_id":"d91e654a-9d74-41b8-9c47-1d6a5a448207","ros_timestamp":"1681734495.665734150","T_map_cam":"[[-0.98323882,-0.16209209,-0.08347197,0.18339216],[0.04199536,0.24417025,-0.96882262,0.47507360],[0.17741986,-0.95608945,-0.23327055,-0.51160974],[0.00000000,0.00000000,0.00000000,1.00000000]]","center_3d":"[1.60785789,-0.82534064,-0.40299370]","nearest_3d":"[1.29069054,-0.72636980,-0.45653039]","type":"obstacle"}}