{"0":{"unique_id":"f48a991d-9fab-4511-9dfa-d61e5826e3f9","ros_timestamp":"1681734496.8288179","T_map_cam":"[[-0.98422496,-0.15834515,-0.07891800,0.20551189],[0.04508551,0.20685689,-0.97733184,0.44220840],[0.17108049,-0.96547244,-0.19645464,-0.52624056],[0.00000000,0.00000000,0.00000000,1.00000000]]","center_3d":"[2.45633444,-1.66062498,-0.02308152]","nearest_3d":"[1.59426355,-0.02312916,0.46197742]","type":"wall-front"},"1":{"unique_id":"b0a526f0-b9b5-4d6b-a36c-47521db7321a","ros_timestamp":"1681734496.8288179","T_map_cam":"[[-0.98422496,-0.15834515,-0.07891800,0.20551189],[0.04508551,0.20685689,-0.97733184,0.44220840],[0.17108049,-0.96547244,-0.19645464,-0.52624056],[0.00000000,0.00000000,0.00000000,1.00000000]]","center_3d":"[0.59030645,-3.10803064,-0.16094725]","nearest_3d":"[-0.56669164,-1.15009928,0.36007527]","type":"wall-back"},"2":{"unique_id":"d91e654a-9d74-41b8-9c47-1d6a5a448207","ros_timestamp":"1681734496.8288179","T_map_cam":"[[-0.98422496,-0.15834515,-0.07891800,0.20551189],[0.04508551,0.20685689,-0.97733184,0.44220840],[0.17108049,-0.96547244,-0.19645464,-0.52624056],[0.00000000,0.00000000,0.00000000,1.00000000]]","center_3d":"[1.60785789,-0.82534064,-0.40299370]","nearest_3d":"[1.29069054,-0.72636980,-0.45653039]","type":"obstacle"}}