{"0":{"unique_id":"f48a991d-9fab-4511-9dfa-d61e5826e3f9","ros_timestamp":"1681734500.274515208","T_map_cam":"[[-0.98949066,0.14371661,0.01593022,0.59147615],[-0.01097205,0.03522651,-0.99931912,0.52352539],[-0.14417992,-0.98899172,-0.03327943,-0.25338648],[0.00000000,0.00000000,0.00000000,1.00000000]]","center_3d":"[2.45633444,-1.66062498,-0.02308152]","nearest_3d":"[1.59420514,-0.02901246,0.56708860]","type":"wall-front"},"1":{"unique_id":"b0a526f0-b9b5-4d6b-a36c-47521db7321a","ros_timestamp":"1681734500.274515208","T_map_cam":"[[-0.98949066,0.14371661,0.01593022,0.59147615],[-0.01097205,0.03522651,-0.99931912,0.52352539],[-0.14417992,-0.98899172,-0.03327943,-0.25338648],[0.00000000,0.00000000,0.00000000,1.00000000]]","center_3d":"[0.59030645,-3.10803064,-0.16094725]","nearest_3d":"[-0.60220629,-1.04642045,0.72642183]","type":"wall-back"},"2":{"unique_id":"d91e654a-9d74-41b8-9c47-1d6a5a448207","ros_timestamp":"1681734500.274515208","T_map_cam":"[[-0.98949066,0.14371661,0.01593022,0.59147615],[-0.01097205,0.03522651,-0.99931912,0.52352539],[-0.14417992,-0.98899172,-0.03327943,-0.25338648],[0.00000000,0.00000000,0.00000000,1.00000000]]","center_3d":"[1.59821047,-0.83365141,-0.38767439]","nearest_3d":"[1.36323643,-0.68519151,-0.38155809]","type":"obstacle"}}