{"0":{"unique_id":"f48a991d-9fab-4511-9dfa-d61e5826e3f9","ros_timestamp":"1681734500.979697484","T_map_cam":"[[-0.96845828,0.24822872,-0.02170404,0.79620923],[-0.00222693,-0.09572225,-0.99540559,0.62721123],[-0.24916582,-0.96396045,0.09325579,-0.02467054],[0.00000000,0.00000000,0.00000000,1.00000000]]","center_3d":"[2.45633444,-1.66062498,-0.02308152]","nearest_3d":"[1.59299076,-0.02872745,0.64847100]","type":"wall-front"},"1":{"unique_id":"b0a526f0-b9b5-4d6b-a36c-47521db7321a","ros_timestamp":"1681734500.979697484","T_map_cam":"[[-0.96845828,0.24822872,-0.02170404,0.79620923],[-0.00222693,-0.09572225,-0.99540559,0.62721123],[-0.24916582,-0.96396045,0.09325579,-0.02467054],[0.00000000,0.00000000,0.00000000,1.00000000]]","center_3d":"[0.59030645,-3.10803064,-0.16094725]","nearest_3d":"[-0.60220629,-1.04642045,0.72642183]","type":"wall-back"},"2":{"unique_id":"d91e654a-9d74-41b8-9c47-1d6a5a448207","ros_timestamp":"1681734500.979697484","T_map_cam":"[[-0.96845828,0.24822872,-0.02170404,0.79620923],[-0.00222693,-0.09572225,-0.99540559,0.62721123],[-0.24916582,-0.96396045,0.09325579,-0.02467054],[0.00000000,0.00000000,0.00000000,1.00000000]]","center_3d":"[1.59821047,-0.83365141,-0.38767439]","nearest_3d":"[1.67159045,-0.56051666,-0.16122136]","type":"obstacle"}}