{"0":{"unique_id":"f48a991d-9fab-4511-9dfa-d61e5826e3f9","ros_timestamp":"1681734501.322155203","T_map_cam":"[[-0.96828895,0.24924102,-0.01718786,0.79822868],[-0.00959550,-0.10584828,-0.99433599,0.63041673],[-0.24964862,-0.96263963,0.10488331,-0.01652925],[0.00000000,0.00000000,0.00000000,1.00000000]]","center_3d":"[2.45633444,-1.66062498,-0.02308152]","nearest_3d":"[1.49305367,0.26432943,0.62014127]","type":"wall-front"},"1":{"unique_id":"b0a526f0-b9b5-4d6b-a36c-47521db7321a","ros_timestamp":"1681734501.322155203","T_map_cam":"[[-0.96828895,0.24924102,-0.01718786,0.79822868],[-0.00959550,-0.10584828,-0.99433599,0.63041673],[-0.24964862,-0.96263963,0.10488331,-0.01652925],[0.00000000,0.00000000,0.00000000,1.00000000]]","center_3d":"[0.59030645,-3.10803064,-0.16094725]","nearest_3d":"[-0.60220629,-1.04642045,0.72642183]","type":"wall-back"},"2":{"unique_id":"d91e654a-9d74-41b8-9c47-1d6a5a448207","ros_timestamp":"1681734501.322155203","T_map_cam":"[[-0.96828895,0.24924102,-0.01718786,0.79822868],[-0.00959550,-0.10584828,-0.99433599,0.63041673],[-0.24964862,-0.96263963,0.10488331,-0.01652925],[0.00000000,0.00000000,0.00000000,1.00000000]]","center_3d":"[1.59821047,-0.83365141,-0.38767439]","nearest_3d":"[1.72644770,-0.58350068,-0.08335229]","type":"obstacle"}}