{"0":{"unique_id":"f48a991d-9fab-4511-9dfa-d61e5826e3f9","ros_timestamp":"1681734509.847689080","T_map_cam":"[[-0.57038336,-0.81055265,-0.13291812,0.29766327],[0.35247339,-0.09537312,-0.93094923,0.60682627],[0.74190655,-0.57784805,0.34009749,-0.21487015],[0.00000000,0.00000000,0.00000000,1.00000000]]","center_3d":"[2.45633444,-1.66062498,-0.02308152]","nearest_3d":"[1.29235053,0.66329634,0.52942449]","type":"wall-front"},"1":{"unique_id":"b0a526f0-b9b5-4d6b-a36c-47521db7321a","ros_timestamp":"1681734509.847689080","T_map_cam":"[[-0.57038336,-0.81055265,-0.13291812,0.29766327],[0.35247339,-0.09537312,-0.93094923,0.60682627],[0.74190655,-0.57784805,0.34009749,-0.21487015],[0.00000000,0.00000000,0.00000000,1.00000000]]","center_3d":"[0.59030645,-3.10803064,-0.16094725]","nearest_3d":"[-0.60220629,-1.04642045,0.72642183]","type":"wall-back"},"2":{"unique_id":"d91e654a-9d74-41b8-9c47-1d6a5a448207","ros_timestamp":"1681734509.847689080","T_map_cam":"[[-0.57038336,-0.81055265,-0.13291812,0.29766327],[0.35247339,-0.09537312,-0.93094923,0.60682627],[0.74190655,-0.57784805,0.34009749,-0.21487015],[0.00000000,0.00000000,0.00000000,1.00000000]]","center_3d":"[1.65082288,-0.80063616,-0.36740365]","nearest_3d":"[1.39499116,-0.68287078,-0.37480880]","type":"obstacle"},"3":{"unique_id":"7fdc667b-f958-4a2a-a652-7cc97d9e9907","ros_timestamp":"1681734509.847689080","T_map_cam":"[[-0.57038336,-0.81055265,-0.13291812,0.29766327],[0.35247339,-0.09537312,-0.93094923,0.60682627],[0.74190655,-0.57784805,0.34009749,-0.21487015],[0.00000000,0.00000000,0.00000000,1.00000000]]","center_3d":"[1.99254844,-3.04057020,1.49247317]","nearest_3d":"[1.28202713,0.70109034,-0.34992045]","type":"obstacle"}}