{"0":{"unique_id":"f48a991d-9fab-4511-9dfa-d61e5826e3f9","ros_timestamp":"1681734529.39627746","T_map_cam":"[[-0.97450755,-0.22104473,-0.03839603,0.36969927],[-0.02506862,0.27734981,-0.96044190,0.23017608],[0.22294975,-0.93499535,-0.27582077,0.51786962],[0.00000000,0.00000000,0.00000000,1.00000000]]","center_3d":"[2.45633444,-1.66062498,-0.02308152]","nearest_3d":"[1.07955778,1.05479324,0.45865148]","type":"wall-front"},"1":{"unique_id":"b0a526f0-b9b5-4d6b-a36c-47521db7321a","ros_timestamp":"1681734529.39627746","T_map_cam":"[[-0.97450755,-0.22104473,-0.03839603,0.36969927],[-0.02506862,0.27734981,-0.96044190,0.23017608],[0.22294975,-0.93499535,-0.27582077,0.51786962],[0.00000000,0.00000000,0.00000000,1.00000000]]","center_3d":"[0.59030645,-3.10803064,-0.16094725]","nearest_3d":"[-0.61441153,-1.07663786,0.56096053]","type":"wall-back"},"2":{"unique_id":"d91e654a-9d74-41b8-9c47-1d6a5a448207","ros_timestamp":"1681734529.39627746","T_map_cam":"[[-0.97450755,-0.22104473,-0.03839603,0.36969927],[-0.02506862,0.27734981,-0.96044190,0.23017608],[0.22294975,-0.93499535,-0.27582077,0.51786962],[0.00000000,0.00000000,0.00000000,1.00000000]]","center_3d":"[1.70510810,-0.85309050,-0.36904132]","nearest_3d":"[1.45222342,-0.74610329,-0.38402155]","type":"obstacle"}}