{"0":{"unique_id":"f48a991d-9fab-4511-9dfa-d61e5826e3f9","ros_timestamp":"1681734530.98589433","T_map_cam":"[[-0.98515143,-0.16546081,-0.04581891,0.35518582],[0.01308144,0.19375832,-0.98096207,0.34574606],[0.17118857,-0.96699557,-0.18871682,0.27125705],[0.00000000,0.00000000,0.00000000,1.00000000]]","center_3d":"[2.45633444,-1.66062498,-0.02308152]","nearest_3d":"[1.28910494,0.56793952,0.54392737]","type":"wall-front"},"1":{"unique_id":"b0a526f0-b9b5-4d6b-a36c-47521db7321a","ros_timestamp":"1681734530.98589433","T_map_cam":"[[-0.98515143,-0.16546081,-0.04581891,0.35518582],[0.01308144,0.19375832,-0.98096207,0.34574606],[0.17118857,-0.96699557,-0.18871682,0.27125705],[0.00000000,0.00000000,0.00000000,1.00000000]]","center_3d":"[0.59030645,-3.10803064,-0.16094725]","nearest_3d":"[-0.61441153,-1.07663786,0.56096053]","type":"wall-back"},"2":{"unique_id":"d91e654a-9d74-41b8-9c47-1d6a5a448207","ros_timestamp":"1681734530.98589433","T_map_cam":"[[-0.98515143,-0.16546081,-0.04581891,0.35518582],[0.01308144,0.19375832,-0.98096207,0.34574606],[0.17118857,-0.96699557,-0.18871682,0.27125705],[0.00000000,0.00000000,0.00000000,1.00000000]]","center_3d":"[1.70510810,-0.85309050,-0.36904132]","nearest_3d":"[1.45222342,-0.74610329,-0.38402155]","type":"obstacle"}}