{"0":{"unique_id":"f48a991d-9fab-4511-9dfa-d61e5826e3f9","ros_timestamp":"1681734473.793553103","T_map_cam":"[[-0.99173435,-0.10409742,-0.07501131,0.31555783],[0.04707172,0.24867546,-0.96744238,0.15772296],[0.11936173,-0.96297676,-0.24171995,0.26523352],[0.00000000,0.00000000,0.00000000,1.00000000]]","center_3d":"[2.45633444,-1.66062498,-0.02308152]","nearest_3d":"[1.28692818,0.68264425,0.25098425]","type":"wall-front"},"1":{"unique_id":"d91e654a-9d74-41b8-9c47-1d6a5a448207","ros_timestamp":"1681734473.793553103","T_map_cam":"[[-0.99173435,-0.10409742,-0.07501131,0.31555783],[0.04707172,0.24867546,-0.96744238,0.15772296],[0.11936173,-0.96297676,-0.24171995,0.26523352],[0.00000000,0.00000000,0.00000000,1.00000000]]","center_3d":"[1.63508568,-0.83845764,-0.39546842]","nearest_3d":"[1.35994923,-0.66342717,-0.47087738]","type":"obstacle"},"2":{"unique_id":"7c988dd4-ac09-4c03-a403-921afdb4a2b9","ros_timestamp":"1681734473.793553103","T_map_cam":"[[-0.99173435,-0.10409742,-0.07501131,0.31555783],[0.04707172,0.24867546,-0.96744238,0.15772296],[0.11936173,-0.96297676,-0.24171995,0.26523352],[0.00000000,0.00000000,0.00000000,1.00000000]]","center_3d":"[0.54607002,-3.14271481,-0.07234278]","nearest_3d":"[-0.28295925,-1.57709575,0.28186756]","type":"obstacle"}}