{"0":{"unique_id":"f48a991d-9fab-4511-9dfa-d61e5826e3f9","ros_timestamp":"1681734474.176927707","T_map_cam":"[[-0.99681254,-0.04212716,-0.06774997,0.27801881],[0.05616031,0.23262972,-0.97094255,0.19005708],[0.05666371,-0.97165257,-0.22952235,0.13222617],[0.00000000,0.00000000,0.00000000,1.00000000]]","center_3d":"[2.45633444,-1.66062498,-0.02308152]","nearest_3d":"[1.28692818,0.68264425,0.25098425]","type":"wall-front"},"1":{"unique_id":"d91e654a-9d74-41b8-9c47-1d6a5a448207","ros_timestamp":"1681734474.176927707","T_map_cam":"[[-0.99681254,-0.04212716,-0.06774997,0.27801881],[0.05616031,0.23262972,-0.97094255,0.19005708],[0.05666371,-0.97165257,-0.22952235,0.13222617],[0.00000000,0.00000000,0.00000000,1.00000000]]","center_3d":"[1.63508568,-0.83845764,-0.39546842]","nearest_3d":"[1.35994923,-0.66342717,-0.47087738]","type":"obstacle"},"2":{"unique_id":"7c988dd4-ac09-4c03-a403-921afdb4a2b9","ros_timestamp":"1681734474.176927707","T_map_cam":"[[-0.99681254,-0.04212716,-0.06774997,0.27801881],[0.05616031,0.23262972,-0.97094255,0.19005708],[0.05666371,-0.97165257,-0.22952235,0.13222617],[0.00000000,0.00000000,0.00000000,1.00000000]]","center_3d":"[0.54607002,-3.14271481,-0.07234278]","nearest_3d":"[-0.28295925,-1.57709575,0.28186756]","type":"obstacle"}}