{"0":{"unique_id":"f48a991d-9fab-4511-9dfa-d61e5826e3f9","ros_timestamp":"1681734474.953457438","T_map_cam":"[[-0.99728515,-0.02884764,-0.06775064,0.27560149],[0.05935252,0.22967050,-0.97145702,0.19615656],[0.04358457,-0.97284083,-0.22733480,0.12597001],[0.00000000,0.00000000,0.00000000,1.00000000]]","center_3d":"[2.45633444,-1.66062498,-0.02308152]","nearest_3d":"[1.28692818,0.68264425,0.25098425]","type":"wall-front"},"1":{"unique_id":"d91e654a-9d74-41b8-9c47-1d6a5a448207","ros_timestamp":"1681734474.953457438","T_map_cam":"[[-0.99728515,-0.02884764,-0.06775064,0.27560149],[0.05935252,0.22967050,-0.97145702,0.19615656],[0.04358457,-0.97284083,-0.22733480,0.12597001],[0.00000000,0.00000000,0.00000000,1.00000000]]","center_3d":"[1.64105250,-0.83961004,-0.39129960]","nearest_3d":"[1.35994947,-0.66342717,-0.47087732]","type":"obstacle"},"2":{"unique_id":"7c988dd4-ac09-4c03-a403-921afdb4a2b9","ros_timestamp":"1681734474.953457438","T_map_cam":"[[-0.99728515,-0.02884764,-0.06775064,0.27560149],[0.05935252,0.22967050,-0.97145702,0.19615656],[0.04358457,-0.97284083,-0.22733480,0.12597001],[0.00000000,0.00000000,0.00000000,1.00000000]]","center_3d":"[0.63439839,-3.19594829,-0.07982196]","nearest_3d":"[-0.26223931,-1.55434799,0.25874463]","type":"obstacle"}}