{"0":{"unique_id":"f48a991d-9fab-4511-9dfa-d61e5826e3f9","ros_timestamp":"1681734476.62386414","T_map_cam":"[[-0.99542899,0.08582825,-0.04188849,0.32783171],[0.05201903,0.11942043,-0.99148010,0.28577324],[-0.08009466,-0.98912703,-0.12333926,0.13949000],[0.00000000,0.00000000,0.00000000,1.00000000]]","center_3d":"[2.45633444,-1.66062498,-0.02308152]","nearest_3d":"[1.28718770,0.68146932,0.34923485]","type":"wall-front"},"1":{"unique_id":"d91e654a-9d74-41b8-9c47-1d6a5a448207","ros_timestamp":"1681734476.62386414","T_map_cam":"[[-0.99542899,0.08582825,-0.04188849,0.32783171],[0.05201903,0.11942043,-0.99148010,0.28577324],[-0.08009466,-0.98912703,-0.12333926,0.13949000],[0.00000000,0.00000000,0.00000000,1.00000000]]","center_3d":"[1.64105250,-0.83961004,-0.39129960]","nearest_3d":"[1.35994947,-0.66342717,-0.47087732]","type":"obstacle"},"2":{"unique_id":"7c988dd4-ac09-4c03-a403-921afdb4a2b9","ros_timestamp":"1681734476.62386414","T_map_cam":"[[-0.99542899,0.08582825,-0.04188849,0.32783171],[0.05201903,0.11942043,-0.99148010,0.28577324],[-0.08009466,-0.98912703,-0.12333926,0.13949000],[0.00000000,0.00000000,0.00000000,1.00000000]]","center_3d":"[0.63439839,-3.19594829,-0.07982196]","nearest_3d":"[-0.26223931,-1.55434799,0.25874463]","type":"obstacle"}}