{"0":{"unique_id":"f48a991d-9fab-4511-9dfa-d61e5826e3f9","ros_timestamp":"1681734476.722899396","T_map_cam":"[[-0.99321733,0.10908431,-0.04024869,0.34597417],[0.04967871,0.08515563,-0.99512841,0.33755577],[-0.10512549,-0.99037828,-0.08999722,0.19141489],[0.00000000,0.00000000,0.00000000,1.00000000]]","center_3d":"[2.45633444,-1.66062498,-0.02308152]","nearest_3d":"[1.29326928,0.66358960,0.44954115]","type":"wall-front"},"1":{"unique_id":"d91e654a-9d74-41b8-9c47-1d6a5a448207","ros_timestamp":"1681734476.722899396","T_map_cam":"[[-0.99321733,0.10908431,-0.04024869,0.34597417],[0.04967871,0.08515563,-0.99512841,0.33755577],[-0.10512549,-0.99037828,-0.08999722,0.19141489],[0.00000000,0.00000000,0.00000000,1.00000000]]","center_3d":"[1.64105250,-0.83961004,-0.39129960]","nearest_3d":"[1.35994947,-0.66342717,-0.47087732]","type":"obstacle"},"2":{"unique_id":"7c988dd4-ac09-4c03-a403-921afdb4a2b9","ros_timestamp":"1681734476.722899396","T_map_cam":"[[-0.99321733,0.10908431,-0.04024869,0.34597417],[0.04967871,0.08515563,-0.99512841,0.33755577],[-0.10512549,-0.99037828,-0.08999722,0.19141489],[0.00000000,0.00000000,0.00000000,1.00000000]]","center_3d":"[0.63439839,-3.19594829,-0.07982196]","nearest_3d":"[-0.26223931,-1.55434799,0.25874463]","type":"obstacle"}}