{"0":{"unique_id":"f48a991d-9fab-4511-9dfa-d61e5826e3f9","ros_timestamp":"1681734477.136457433","T_map_cam":"[[-0.99500499,-0.08444951,-0.05322929,0.39580200],[0.04880369,0.05363261,-0.99736741,0.36308700],[0.08708201,-0.99498333,-0.04924327,0.28386352],[0.00000000,0.00000000,0.00000000,1.00000000]]","center_3d":"[2.45633444,-1.66062498,-0.02308152]","nearest_3d":"[1.27598429,0.70387661,0.34966150]","type":"wall-front"},"1":{"unique_id":"d91e654a-9d74-41b8-9c47-1d6a5a448207","ros_timestamp":"1681734477.136457433","T_map_cam":"[[-0.99500499,-0.08444951,-0.05322929,0.39580200],[0.04880369,0.05363261,-0.99736741,0.36308700],[0.08708201,-0.99498333,-0.04924327,0.28386352],[0.00000000,0.00000000,0.00000000,1.00000000]]","center_3d":"[1.64105250,-0.83961004,-0.39129960]","nearest_3d":"[1.35994947,-0.66342717,-0.47087732]","type":"obstacle"},"2":{"unique_id":"7c988dd4-ac09-4c03-a403-921afdb4a2b9","ros_timestamp":"1681734477.136457433","T_map_cam":"[[-0.99500499,-0.08444951,-0.05322929,0.39580200],[0.04880369,0.05363261,-0.99736741,0.36308700],[0.08708201,-0.99498333,-0.04924327,0.28386352],[0.00000000,0.00000000,0.00000000,1.00000000]]","center_3d":"[0.63439839,-3.19594829,-0.07982196]","nearest_3d":"[-0.26323912,-1.55746496,0.35936081]","type":"obstacle"}}