{"0":{"unique_id":"f48a991d-9fab-4511-9dfa-d61e5826e3f9","ros_timestamp":"1681734478.215046242","T_map_cam":"[[-0.96843797,-0.23306331,-0.08837077,0.49983908],[0.04442879,0.18745496,-0.98126792,0.24932264],[0.24526309,-0.95422331,-0.17118378,0.24473694],[0.00000000,0.00000000,0.00000000,1.00000000]]","center_3d":"[2.45633444,-1.66062498,-0.02308152]","nearest_3d":"[1.27598429,0.70387661,0.34966150]","type":"wall-front"},"1":{"unique_id":"b0a526f0-b9b5-4d6b-a36c-47521db7321a","ros_timestamp":"1681734478.215046242","T_map_cam":"[[-0.96843797,-0.23306331,-0.08837077,0.49983908],[0.04442879,0.18745496,-0.98126792,0.24932264],[0.24526309,-0.95422331,-0.17118378,0.24473694],[0.00000000,0.00000000,0.00000000,1.00000000]]","center_3d":"[0.59030645,-3.10803064,-0.16094725]","nearest_3d":"[-0.55749923,-1.09729743,0.49514991]","type":"wall-back"},"2":{"unique_id":"d91e654a-9d74-41b8-9c47-1d6a5a448207","ros_timestamp":"1681734478.215046242","T_map_cam":"[[-0.96843797,-0.23306331,-0.08837077,0.49983908],[0.04442879,0.18745496,-0.98126792,0.24932264],[0.24526309,-0.95422331,-0.17118378,0.24473694],[0.00000000,0.00000000,0.00000000,1.00000000]]","center_3d":"[1.67173813,-0.82198148,-0.37202677]","nearest_3d":"[1.35994947,-0.66342717,-0.47087732]","type":"obstacle"}}