{"0":{"unique_id":"f48a991d-9fab-4511-9dfa-d61e5826e3f9","ros_timestamp":"1681734481.323456324","T_map_cam":"[[-0.84738405,-0.49943031,-0.18030428,0.40367987],[-0.07237243,0.44503497,-0.89258395,0.09958776],[0.52602519,-0.74331234,-0.41326052,0.10838711],[0.00000000,0.00000000,0.00000000,1.00000000]]","center_3d":"[2.45633444,-1.66062498,-0.02308152]","nearest_3d":"[1.27570856,0.70368421,0.16042538]","type":"wall-front"},"1":{"unique_id":"b0a526f0-b9b5-4d6b-a36c-47521db7321a","ros_timestamp":"1681734481.323456324","T_map_cam":"[[-0.84738405,-0.49943031,-0.18030428,0.40367987],[-0.07237243,0.44503497,-0.89258395,0.09958776],[0.52602519,-0.74331234,-0.41326052,0.10838711],[0.00000000,0.00000000,0.00000000,1.00000000]]","center_3d":"[0.59030645,-3.10803064,-0.16094725]","nearest_3d":"[-0.55749923,-1.09729743,0.49514991]","type":"wall-back"},"2":{"unique_id":"d91e654a-9d74-41b8-9c47-1d6a5a448207","ros_timestamp":"1681734481.323456324","T_map_cam":"[[-0.84738405,-0.49943031,-0.18030428,0.40367987],[-0.07237243,0.44503497,-0.89258395,0.09958776],[0.52602519,-0.74331234,-0.41326052,0.10838711],[0.00000000,0.00000000,0.00000000,1.00000000]]","center_3d":"[1.62514747,-0.83521215,-0.39931600]","nearest_3d":"[1.36695516,-0.66762173,-0.45975533]","type":"obstacle"},"3":{"unique_id":"7c988dd4-ac09-4c03-a403-921afdb4a2b9","ros_timestamp":"1681734481.323456324","T_map_cam":"[[-0.84738405,-0.49943031,-0.18030428,0.40367987],[-0.07237243,0.44503497,-0.89258395,0.09958776],[0.52602519,-0.74331234,-0.41326052,0.10838711],[0.00000000,0.00000000,0.00000000,1.00000000]]","center_3d":"[0.72729452,-3.34307207,-0.07992078]","nearest_3d":"[-0.40130663,-1.35600555,-0.64357582]","type":"obstacle"}}