{"0":{"unique_id":"f48a991d-9fab-4511-9dfa-d61e5826e3f9","ros_timestamp":"1681734481.847603701","T_map_cam":"[[-0.82843017,-0.53048835,-0.17968185,0.39357848],[-0.11432303,0.47421066,-0.87295733,0.10489096],[0.54830074,-0.70264242,-0.45349745,0.04450882],[0.00000000,0.00000000,0.00000000,1.00000000]]","center_3d":"[2.45633444,-1.66062498,-0.02308152]","nearest_3d":"[1.27570856,0.70368421,0.16042538]","type":"wall-front"},"1":{"unique_id":"b0a526f0-b9b5-4d6b-a36c-47521db7321a","ros_timestamp":"1681734481.847603701","T_map_cam":"[[-0.82843017,-0.53048835,-0.17968185,0.39357848],[-0.11432303,0.47421066,-0.87295733,0.10489096],[0.54830074,-0.70264242,-0.45349745,0.04450882],[0.00000000,0.00000000,0.00000000,1.00000000]]","center_3d":"[0.59030645,-3.10803064,-0.16094725]","nearest_3d":"[-0.53863013,-1.14115584,0.15615864]","type":"wall-back"},"2":{"unique_id":"d91e654a-9d74-41b8-9c47-1d6a5a448207","ros_timestamp":"1681734481.847603701","T_map_cam":"[[-0.82843017,-0.53048835,-0.17968185,0.39357848],[-0.11432303,0.47421066,-0.87295733,0.10489096],[0.54830074,-0.70264242,-0.45349745,0.04450882],[0.00000000,0.00000000,0.00000000,1.00000000]]","center_3d":"[1.62514747,-0.83521215,-0.39931600]","nearest_3d":"[1.36695516,-0.66762173,-0.45975533]","type":"obstacle"},"3":{"unique_id":"7c988dd4-ac09-4c03-a403-921afdb4a2b9","ros_timestamp":"1681734481.847603701","T_map_cam":"[[-0.82843017,-0.53048835,-0.17968185,0.39357848],[-0.11432303,0.47421066,-0.87295733,0.10489096],[0.54830074,-0.70264242,-0.45349745,0.04450882],[0.00000000,0.00000000,0.00000000,1.00000000]]","center_3d":"[0.72729452,-3.34307207,-0.07992078]","nearest_3d":"[-0.40130663,-1.35600555,-0.64357582]","type":"obstacle"}}